0 0 0
0 0.0714286 0
0 0.142857 0
0 0.214286 0
0 0.285714 0
0 0.357143 0
0 0.428571 0
0 0.5 0
0 0.571429 0
0 0.642857 0
0 0.714286 0
0 0.785714 0
0 0.857143 0
0 0.928571 0
0 1 0
0.0714286 0 0
0.0714286 0.0714286 0.00707527
0.0714286 0.142857 0.0137955
0.0714286 0.214286 0.0198234
0.0714286 0.285714 0.0248569
0.0714286 0.357143 0.0286437
0.0714286 0.428571 0.0309943
0.0714286 0.5 0.0317911
0.0714286 0.571429 0.0309943
0.0714286 0.642857 0.0286437
0.0714286 0.714286 0.0248569
0.0714286 0.785714 0.0198234
0.0714286 0.857143 0.0137955
0.0714286 0.928571 0.00707527
0.0714286 1 0
0.142857 0 0
0.142857 0.0714286 0.0137955
0.142857 0.142857 0.0268986
0.142857 0.214286 0.0386519
0.142857 0.285714 0.0484663
0.142857 0.357143 0.0558498
0.142857 0.428571 0.060433
0.142857 0.5 0.0619866
0.142857 0.571429 0.060433
0.142857 0.642857 0.0558498
0.142857 0.714286 0.0484663
0.142857 0.785714 0.0386519
0.142857 0.857143 0.0268986
0.142857 0.928571 0.0137955
0.142857 1 0
0.214286 0 0
0.214286 0.0714286 0.0198234
0.214286 0.142857 0.0386519
0.214286 0.214286 0.055541
0.214286 0.285714 0.0696436
0.214286 0.357143 0.0802534
0.214286 0.428571 0.0868392
0.214286 0.5 0.0890717
0.214286 0.571429 0.0868392
0.214286 0.642857 0.0802534
0.214286 0.714286 0.0696436
0.214286 0.785714 0.055541
0.214286 0.857143 0.0386519
0.214286 0.928571 0.0198234
0.214286 1 0
0.285714 0 0
0.285714 0.0714286 0.0248569
0.285714 0.142857 0.0484663
0.285714 0.214286 0.0696436
0.285714 0.285714 0.0873272
0.285714 0.357143 0.100631
0.285714 0.428571 0.108889
0.285714 0.5 0.111688
0.285714 0.571429 0.108889
0.285714 0.642857 0.100631
0.285714 0.714286 0.0873272
0.285714 0.785714 0.0696436
0.285714 0.857143 0.0484663
0.285714 0.928571 0.0248569
0.285714 1 0
0.357143 0 0
0.357143 0.0714286 0.0286437
0.357143 0.142857 0.0558498
0.357143 0.214286 0.0802534
0.357143 0.285714 0.100631
0.357143 0.357143 0.115961
0.357143 0.428571 0.125478
0.357143 0.5 0.128703
0.357143 0.571429 0.125478
0.357143 0.642857 0.115961
0.357143 0.714286 0.100631
0.357143 0.785714 0.0802534
0.357143 0.857143 0.0558498
0.357143 0.928571 0.0286437
0.357143 1 0
0.428571 0 0
0.428571 0.0714286 0.0309943
0.428571 0.142857 0.060433
0.428571 0.214286 0.0868392
0.428571 0.285714 0.108889
0.428571 0.357143 0.125478
0.428571 0.428571 0.135775
0.428571 0.5 0.139265
0.428571 0.571429 0.135775
0.428571 0.642857 0.125478
0.428571 0.714286 0.108889
0.428571 0.785714 0.0868392
0.428571 0.857143 0.060433
0.428571 0.928571 0.0309943
0.428571 1 0
0.5 0 0
0.5 0.0714286 0.0317911
0.5 0.142857 0.0619866
0.5 0.214286 0.0890717
0.5 0.285714 0.111688
0.5 0.357143 0.128703
0.5 0.428571 0.139265
0.5 0.5 0.142846
0.5 0.571429 0.139265
0.5 0.642857 0.128703
0.5 0.714286 0.111688
0.5 0.785714 0.0890717
0.5 0.857143 0.0619866
0.5 0.928571 0.0317911
0.5 1 0
0.571429 0 0
0.571429 0.0714286 0.0309943
0.571429 0.142857 0.060433
0.571429 0.214286 0.0868392
0.571429 0.285714 0.108889
0.571429 0.357143 0.125478
0.571429 0.428571 0.135775
0.571429 0.5 0.139265
0.571429 0.571429 0.135775
0.571429 0.642857 0.125478
0.571429 0.714286 0.108889
0.571429 0.785714 0.0868392
0.571429 0.857143 0.060433
0.571429 0.928571 0.0309943
0.571429 1 0
0.642857 0 0
0.642857 0.0714286 0.0286437
0.642857 0.142857 0.0558498
0.642857 0.214286 0.0802534
0.642857 0.285714 0.100631
0.642857 0.357143 0.115961
0.642857 0.428571 0.125478
0.642857 0.5 0.128703
0.642857 0.571429 0.125478
0.642857 0.642857 0.115961
0.642857 0.714286 0.100631
0.642857 0.785714 0.0802534
0.642857 0.857143 0.0558498
0.642857 0.928571 0.0286437
0.642857 1 0
0.714286 0 0
0.714286 0.0714286 0.0248569
0.714286 0.142857 0.0484663
0.714286 0.214286 0.0696436
0.714286 0.285714 0.0873272
0.714286 0.357143 0.100631
0.714286 0.428571 0.108889
0.714286 0.5 0.111688
0.714286 0.571429 0.108889
0.714286 0.642857 0.100631
0.714286 0.714286 0.0873272
0.714286 0.785714 0.0696436
0.714286 0.857143 0.0484663
0.714286 0.928571 0.0248569
0.714286 1 0
0.785714 0 0
0.785714 0.0714286 0.0198234
0.785714 0.142857 0.0386519
0.785714 0.214286 0.055541
0.785714 0.285714 0.0696436
0.785714 0.357143 0.0802534
0.785714 0.428571 0.0868392
0.785714 0.5 0.0890717
0.785714 0.571429 0.0868392
0.785714 0.642857 0.0802534
0.785714 0.714286 0.0696436
0.785714 0.785714 0.055541
0.785714 0.857143 0.0386519
0.785714 0.928571 0.0198234
0.785714 1 0
0.857143 0 0
0.857143 0.0714286 0.0137955
0.857143 0.142857 0.0268986
0.857143 0.214286 0.0386519
0.857143 0.285714 0.0484663
0.857143 0.357143 0.0558498
0.857143 0.428571 0.060433
0.857143 0.5 0.0619866
0.857143 0.571429 0.060433
0.857143 0.642857 0.0558498
0.857143 0.714286 0.0484663
0.857143 0.785714 0.0386519
0.857143 0.857143 0.0268986
0.857143 0.928571 0.0137955
0.857143 1 0
0.928571 0 0
0.928571 0.0714286 0.00707527
0.928571 0.142857 0.0137955
0.928571 0.214286 0.0198234
0.928571 0.285714 0.0248569
0.928571 0.357143 0.0286437
0.928571 0.428571 0.0309943
0.928571 0.5 0.0317911
0.928571 0.571429 0.0309943
0.928571 0.642857 0.0286437
0.928571 0.714286 0.0248569
0.928571 0.785714 0.0198234
0.928571 0.857143 0.0137955
0.928571 0.928571 0.00707527
0.928571 1 0
1 0 0
1 0.0714286 0
1 0.142857 0
1 0.214286 0
1 0.285714 0
1 0.357143 0
1 0.428571 0
1 0.5 0
1 0.571429 0
1 0.642857 0
1 0.714286 0
1 0.785714 0
1 0.857143 0
1 0.928571 0
1 1 0
