1 -0.00350000010803 0.0 0.0 
2 -0.00249999994412 0.0 0.0 
3 -0.00349578401074 0.000171736857737 0.0 
4 -0.00348314642906 0.000343060004525 0.0 
5 -0.00346211786382 0.000513556646183 0.0 
6 -0.00343274860643 0.000682816142216 0.0 
7 -0.00339510943741 0.000850430631544 0.0 
8 -0.0033492911607 0.00101599644404 0.0 
9 -0.00329540413804 0.00117911444977 0.0 
10 -0.00323357828893 0.00133939203806 0.0 
11 -0.00316396239214 0.00149644282646 0.0 
12 -0.00308672431856 0.0016498885816 0.0 
13 -0.00300205009989 0.00179935956839 0.0 
14 -0.00291014369577 0.00194449583068 0.0 
15 -0.00281122629531 0.00208494765684 0.0 
16 -0.00270553654991 0.00222037639469 0.0 
17 -0.00259332894348 0.00235045631416 0.0 
18 -0.00247487379238 0.00247487379238 0.0 
19 -0.00235045631416 0.00259332894348 0.0 
20 -0.00222037639469 0.00270553654991 0.0 
21 -0.00208494765684 0.00281122629531 0.0 
22 -0.00194449583068 0.00291014369577 0.0 
23 -0.00179935956839 0.00300205009989 0.0 
24 -0.0016498885816 0.00308672431856 0.0 
25 -0.00149644282646 0.00316396239214 0.0 
26 -0.00133939203806 0.00323357828893 0.0 
27 -0.00117911444977 0.00329540413804 0.0 
28 -0.00101599644404 0.0033492911607 0.0 
29 -0.000850430631544 0.00339510943741 0.0 
30 -0.000682816142216 0.00343274860643 0.0 
31 -0.000513556646183 0.00346211786382 0.0 
32 -0.000343060004525 0.00348314642906 0.0 
33 -0.000171736857737 0.00349578401074 0.0 
34 3.67146720501e-18 0.00350000010803 0.0 
35 0.000171736857737 0.00349578401074 0.0 
36 0.000343060004525 0.00348314642906 0.0 
37 0.000513556646183 0.00346211786382 0.0 
38 0.000682816142216 0.00343274860643 0.0 
39 0.000850430631544 0.00339510943741 0.0 
40 0.00101599644404 0.0033492911607 0.0 
41 0.00117911444977 0.00329540413804 0.0 
42 0.00133939203806 0.00323357828893 0.0 
43 0.00149644282646 0.00316396239214 0.0 
44 0.0016498885816 0.00308672431856 0.0 
45 0.00179935956839 0.00300205009989 0.0 
46 0.00194449583068 0.00291014369577 0.0 
47 0.00208494765684 0.00281122629531 0.0 
48 0.00222037639469 0.00270553654991 0.0 
49 0.00235045631416 0.00259332894348 0.0 
50 0.00247487379238 0.00247487379238 0.0 
51 0.00259332894348 0.00235045631416 0.0 
52 0.00270553654991 0.00222037639469 0.0 
53 0.00281122629531 0.00208494765684 0.0 
54 0.00291014369577 0.00194449583068 0.0 
55 0.00300205009989 0.00179935956839 0.0 
56 0.00308672431856 0.0016498885816 0.0 
57 0.00316396239214 0.00149644282646 0.0 
58 0.00323357828893 0.00133939203806 0.0 
59 0.00329540413804 0.00117911444977 0.0 
60 0.0033492911607 0.00101599644404 0.0 
61 0.00339510943741 0.000850430631544 0.0 
62 0.00343274860643 0.000682816142216 0.0 
63 0.00346211786382 0.000513556646183 0.0 
64 0.00348314642906 0.000343060004525 0.0 
65 0.00349578401074 0.000171736857737 0.0 
66 0.00350000010803 8.20018800091e-18 0.0 
67 0.00349578401074 -0.000171736857737 0.0 
68 0.00348314642906 -0.000343060004525 0.0 
69 0.00346211786382 -0.000513556646183 0.0 
70 0.00343274860643 -0.000682816142216 0.0 
71 0.00339510943741 -0.000850430631544 0.0 
72 0.0033492911607 -0.00101599644404 0.0 
73 0.00329540413804 -0.00117911444977 0.0 
74 0.00323357828893 -0.00133939203806 0.0 
75 0.00316396239214 -0.00149644282646 0.0 
76 0.00308672431856 -0.0016498885816 0.0 
77 0.00300205009989 -0.00179935956839 0.0 
78 0.00291014369577 -0.00194449583068 0.0 
79 0.00281122629531 -0.00208494765684 0.0 
80 0.00270553654991 -0.00222037639469 0.0 
81 0.00259332894348 -0.00235045631416 0.0 
82 0.00247487379238 -0.00247487379238 0.0 
83 0.00235045631416 -0.00259332894348 0.0 
84 0.00222037639469 -0.00270553654991 0.0 
85 0.00208494765684 -0.00281122629531 0.0 
86 0.00194449583068 -0.00291014369577 0.0 
87 0.00179935956839 -0.00300205009989 0.0 
88 0.0016498885816 -0.00308672431856 0.0 
89 0.00149644282646 -0.00316396239214 0.0 
90 0.00133939203806 -0.00323357828893 0.0 
91 0.00117911444977 -0.00329540413804 0.0 
92 0.00101599644404 -0.0033492911607 0.0 
93 0.000850430631544 -0.00339510943741 0.0 
94 0.000682816142216 -0.00343274860643 0.0 
95 0.000513556646183 -0.00346211786382 0.0 
96 0.000343060004525 -0.00348314642906 0.0 
97 0.000171736857737 -0.00349578401074 0.0 
98 2.55119342309e-17 -0.00350000010803 0.0 
99 -0.000171736857737 -0.00349578401074 0.0 
100 -0.000343060004525 -0.00348314642906 0.0 
101 -0.000513556646183 -0.00346211786382 0.0 
102 -0.000682816142216 -0.00343274860643 0.0 
103 -0.000850430631544 -0.00339510943741 0.0 
104 -0.00101599644404 -0.0033492911607 0.0 
105 -0.00117911444977 -0.00329540413804 0.0 
106 -0.00133939203806 -0.00323357828893 0.0 
107 -0.00149644282646 -0.00316396239214 0.0 
108 -0.0016498885816 -0.00308672431856 0.0 
109 -0.00179935956839 -0.00300205009989 0.0 
110 -0.00194449583068 -0.00291014369577 0.0 
111 -0.00208494765684 -0.00281122629531 0.0 
112 -0.00222037639469 -0.00270553654991 0.0 
113 -0.00235045631416 -0.00259332894348 0.0 
114 -0.00247487379238 -0.00247487379238 0.0 
115 -0.00259332894348 -0.00235045631416 0.0 
116 -0.00270553654991 -0.00222037639469 0.0 
117 -0.00281122629531 -0.00208494765684 0.0 
118 -0.00291014369577 -0.00194449583068 0.0 
119 -0.00300205009989 -0.00179935956839 0.0 
120 -0.00308672431856 -0.0016498885816 0.0 
121 -0.00316396239214 -0.00149644282646 0.0 
122 -0.00323357828893 -0.00133939203806 0.0 
123 -0.00329540413804 -0.00117911444977 0.0 
124 -0.0033492911607 -0.00101599644404 0.0 
125 -0.00339510943741 -0.000850430631544 0.0 
126 -0.00343274860643 -0.000682816142216 0.0 
127 -0.00346211786382 -0.000513556646183 0.0 
128 -0.00348314642906 -0.000343060004525 0.0 
129 -0.00349578401074 -0.000171736857737 0.0 
130 -0.00249698851258 0.000122669196571 0.0 
131 -0.00248796190135 0.000245042843744 0.0 
132 -0.00247294129804 0.000366826192476 0.0 
133 -0.00245196325704 0.000487725803396 0.0 
134 -0.00242507806979 0.000607450434472 0.0 
135 -0.00239235069603 0.00072571169585 0.0 
136 -0.00235386029817 0.000842224631924 0.0 
137 -0.00230969884433 0.000956708565354 0.0 
138 -0.00225997320376 0.00106888765004 0.0 
139 -0.00220480328426 0.00117849174421 0.0 
140 -0.00214432156645 0.00128525693435 0.0 
141 -0.00207867403515 0.00138892559335 0.0 
142 -0.00200801878236 0.00148924824316 0.0 
143 -0.00193252612371 0.00158598320559 0.0 
144 -0.00185237778351 0.00167889741715 0.0 
145 -0.00176776701119 0.00176776701119 0.0 
146 -0.00167889741715 0.00185237778351 0.0 
147 -0.00158598320559 0.00193252612371 0.0 
148 -0.00148924824316 0.00200801878236 0.0 
149 -0.00138892559335 0.00207867403515 0.0 
150 -0.00128525693435 0.00214432156645 0.0 
151 -0.00117849174421 0.00220480328426 0.0 
152 -0.00106888765004 0.00225997320376 0.0 
153 -0.000956708565354 0.00230969884433 0.0 
154 -0.000842224631924 0.00235386029817 0.0 
155 -0.00072571169585 0.00239235069603 0.0 
156 -0.000607450434472 0.00242507806979 0.0 
157 -0.000487725803396 0.00245196325704 0.0 
158 -0.000366826192476 0.00247294129804 0.0 
159 -0.000245042843744 0.00248796190135 0.0 
160 -0.000122669196571 0.00249698851258 0.0 
161 2.62247666363e-18 0.00249999994412 0.0 
162 0.000122669196571 0.00249698851258 0.0 
163 0.000245042843744 0.00248796190135 0.0 
164 0.000366826192476 0.00247294129804 0.0 
165 0.000487725803396 0.00245196325704 0.0 
166 0.000607450434472 0.00242507806979 0.0 
167 0.00072571169585 0.00239235069603 0.0 
168 0.000842224631924 0.00235386029817 0.0 
169 0.000956708565354 0.00230969884433 0.0 
170 0.00106888765004 0.00225997320376 0.0 
171 0.00117849174421 0.00220480328426 0.0 
172 0.00128525693435 0.00214432156645 0.0 
173 0.00138892559335 0.00207867403515 0.0 
174 0.00148924824316 0.00200801878236 0.0 
175 0.00158598320559 0.00193252612371 0.0 
176 0.00167889741715 0.00185237778351 0.0 
177 0.00176776701119 0.00176776701119 0.0 
178 0.00185237778351 0.00167889741715 0.0 
179 0.00193252612371 0.00158598320559 0.0 
180 0.00200801878236 0.00148924824316 0.0 
181 0.00207867403515 0.00138892559335 0.0 
182 0.00214432156645 0.00128525693435 0.0 
183 0.00220480328426 0.00117849174421 0.0 
184 0.00225997320376 0.00106888765004 0.0 
185 0.00230969884433 0.000956708565354 0.0 
186 0.00235386029817 0.000842224631924 0.0 
187 0.00239235069603 0.00072571169585 0.0 
188 0.00242507806979 0.000607450434472 0.0 
189 0.00245196325704 0.000487725803396 0.0 
190 0.00247294129804 0.000366826192476 0.0 
191 0.00248796190135 0.000245042843744 0.0 
192 0.00249698851258 0.000122669196571 0.0 
193 0.00249999994412 5.85727667084e-18 0.0 
194 0.00249698851258 -0.000122669196571 0.0 
195 0.00248796190135 -0.000245042843744 0.0 
196 0.00247294129804 -0.000366826192476 0.0 
197 0.00245196325704 -0.000487725803396 0.0 
198 0.00242507806979 -0.000607450434472 0.0 
199 0.00239235069603 -0.00072571169585 0.0 
200 0.00235386029817 -0.000842224631924 0.0 
201 0.00230969884433 -0.000956708565354 0.0 
202 0.00225997320376 -0.00106888765004 0.0 
203 0.00220480328426 -0.00117849174421 0.0 
204 0.00214432156645 -0.00128525693435 0.0 
205 0.00207867403515 -0.00138892559335 0.0 
206 0.00200801878236 -0.00148924824316 0.0 
207 0.00193252612371 -0.00158598320559 0.0 
208 0.00185237778351 -0.00167889741715 0.0 
209 0.00176776701119 -0.00176776701119 0.0 
210 0.00167889741715 -0.00185237778351 0.0 
211 0.00158598320559 -0.00193252612371 0.0 
212 0.00148924824316 -0.00200801878236 0.0 
213 0.00138892559335 -0.00207867403515 0.0 
214 0.00128525693435 -0.00214432156645 0.0 
215 0.00117849174421 -0.00220480328426 0.0 
216 0.00106888765004 -0.00225997320376 0.0 
217 0.000956708565354 -0.00230969884433 0.0 
218 0.000842224631924 -0.00235386029817 0.0 
219 0.00072571169585 -0.00239235069603 0.0 
220 0.000607450434472 -0.00242507806979 0.0 
221 0.000487725803396 -0.00245196325704 0.0 
222 0.000366826192476 -0.00247294129804 0.0 
223 0.000245042843744 -0.00248796190135 0.0 
224 0.000122669196571 -0.00249698851258 0.0 
225 1.82228104012e-17 -0.00249999994412 0.0 
226 -0.000122669196571 -0.00249698851258 0.0 
227 -0.000245042843744 -0.00248796190135 0.0 
228 -0.000366826192476 -0.00247294129804 0.0 
229 -0.000487725803396 -0.00245196325704 0.0 
230 -0.000607450434472 -0.00242507806979 0.0 
231 -0.00072571169585 -0.00239235069603 0.0 
232 -0.000842224631924 -0.00235386029817 0.0 
233 -0.000956708565354 -0.00230969884433 0.0 
234 -0.00106888765004 -0.00225997320376 0.0 
235 -0.00117849174421 -0.00220480328426 0.0 
236 -0.00128525693435 -0.00214432156645 0.0 
237 -0.00138892559335 -0.00207867403515 0.0 
238 -0.00148924824316 -0.00200801878236 0.0 
239 -0.00158598320559 -0.00193252612371 0.0 
240 -0.00167889741715 -0.00185237778351 0.0 
241 -0.00176776701119 -0.00176776701119 0.0 
242 -0.00185237778351 -0.00167889741715 0.0 
243 -0.00193252612371 -0.00158598320559 0.0 
244 -0.00200801878236 -0.00148924824316 0.0 
245 -0.00207867403515 -0.00138892559335 0.0 
246 -0.00214432156645 -0.00128525693435 0.0 
247 -0.00220480328426 -0.00117849174421 0.0 
248 -0.00225997320376 -0.00106888765004 0.0 
249 -0.00230969884433 -0.000956708565354 0.0 
250 -0.00235386029817 -0.000842224631924 0.0 
251 -0.00239235069603 -0.00072571169585 0.0 
252 -0.00242507806979 -0.000607450434472 0.0 
253 -0.00245196325704 -0.000487725803396 0.0 
254 -0.00247294129804 -0.000366826192476 0.0 
255 -0.00248796190135 -0.000245042843744 0.0 
256 -0.00249698851258 -0.000122669196571 0.0 
257 -0.00348594551906 -0.000171253515873 0.0 
258 -0.00347334356047 -0.000342094484949 0.0 
259 -0.00345237390138 -0.000512111291755 0.0 
260 -0.00342308729887 -0.000680894416291 0.0 
261 -0.00338555430062 -0.000848037190735 0.0 
262 -0.00333986501209 -0.00101313693449 0.0 
263 -0.00328612956218 -0.00117579603102 0.0 
264 -0.00322447787039 -0.00133562239353 0.0 
265 -0.00315505778417 -0.00149223115295 0.0 
266 -0.00307803717442 -0.00164524512365 0.0 
267 -0.0029936011415 -0.0017942955019 0.0 
268 -0.00290195341222 -0.00193902314641 0.0 
269 -0.00280331447721 -0.00207907962613 0.0 
270 -0.00269792205654 -0.00221412745304 0.0 
271 -0.00258603040129 -0.00234384112991 0.0 
272 -0.00246790843084 -0.00246790843084 0.0 
273 -0.00234384112991 -0.00258603040129 0.0 
274 -0.00221412745304 -0.00269792205654 0.0 
275 -0.00207907962613 -0.00280331447721 0.0 
276 -0.00193902314641 -0.00290195341222 0.0 
277 -0.0017942955019 -0.0029936011415 0.0 
278 -0.00164524512365 -0.00307803717442 0.0 
279 -0.00149223115295 -0.00315505778417 0.0 
280 -0.00133562239353 -0.00322447787039 0.0 
281 -0.00117579603102 -0.00328612956218 0.0 
282 -0.00101313693449 -0.00333986501209 0.0 
283 -0.000848037190735 -0.00338555430062 0.0 
284 -0.000680894416291 -0.00342308729887 0.0 
285 -0.000512111291755 -0.00345237390138 0.0 
286 -0.000342094484949 -0.00347334356047 0.0 
287 -0.000171253515873 -0.00348594551906 0.0 
288 2.54401332993e-17 -0.00349014950916 0.0 
289 0.000171253515873 -0.00348594551906 0.0 
290 0.000342094484949 -0.00347334356047 0.0 
291 0.000512111291755 -0.00345237390138 0.0 
292 0.000680894416291 -0.00342308729887 0.0 
293 0.000848037190735 -0.00338555430062 0.0 
294 0.00101313693449 -0.00333986501209 0.0 
295 0.00117579603102 -0.00328612956218 0.0 
296 0.00133562239353 -0.00322447787039 0.0 
297 0.00149223115295 -0.00315505778417 0.0 
298 0.00164524512365 -0.00307803717442 0.0 
299 0.0017942955019 -0.0029936011415 0.0 
300 0.00193902314641 -0.00290195341222 0.0 
301 0.00207907962613 -0.00280331447721 0.0 
302 0.00221412745304 -0.00269792205654 0.0 
303 0.00234384112991 -0.00258603040129 0.0 
304 0.00246790843084 -0.00246790843084 0.0 
305 0.00258603040129 -0.00234384112991 0.0 
306 0.00269792205654 -0.00221412745304 0.0 
307 0.00280331447721 -0.00207907962613 0.0 
308 0.00290195341222 -0.00193902314641 0.0 
309 0.0029936011415 -0.0017942955019 0.0 
310 0.00307803717442 -0.00164524512365 0.0 
311 0.00315505778417 -0.00149223115295 0.0 
312 0.00322447787039 -0.00133562239353 0.0 
313 0.00328612956218 -0.00117579603102 0.0 
314 0.00333986501209 -0.00101313693449 0.0 
315 0.00338555430062 -0.000848037190735 0.0 
316 0.00342308729887 -0.000680894416291 0.0 
317 0.00345237390138 -0.000512111291755 0.0 
318 0.00347334356047 -0.000342094484949 0.0 
319 0.00348594551906 -0.000171253515873 0.0 
320 0.00349014950916 8.17710883464e-18 0.0 
321 0.00348594551906 0.000171253515873 0.0 
322 0.00347334356047 0.000342094484949 0.0 
323 0.00345237390138 0.000512111291755 0.0 
324 0.00342308729887 0.000680894416291 0.0 
325 0.00338555430062 0.000848037190735 0.0 
326 0.00333986501209 0.00101313693449 0.0 
327 0.00328612956218 0.00117579603102 0.0 
328 0.00322447787039 0.00133562239353 0.0 
329 0.00315505778417 0.00149223115295 0.0 
330 0.00307803717442 0.00164524512365 0.0 
331 0.0029936011415 0.0017942955019 0.0 
332 0.00290195341222 0.00193902314641 0.0 
333 0.00280331447721 0.00207907962613 0.0 
334 0.00269792205654 0.00221412745304 0.0 
335 0.00258603040129 0.00234384112991 0.0 
336 0.00246790843084 0.00246790843084 0.0 
337 0.00234384112991 0.00258603040129 0.0 
338 0.00221412745304 0.00269792205654 0.0 
339 0.00207907962613 0.00280331447721 0.0 
340 0.00193902314641 0.00290195341222 0.0 
341 0.0017942955019 0.0029936011415 0.0 
342 0.00164524512365 0.00307803717442 0.0 
343 0.00149223115295 0.00315505778417 0.0 
344 0.00133562239353 0.00322447787039 0.0 
345 0.00117579603102 0.00328612956218 0.0 
346 0.00101313693449 0.00333986501209 0.0 
347 0.000848037190735 0.00338555430062 0.0 
348 0.000680894416291 0.00342308729887 0.0 
349 0.000512111291755 0.00345237390138 0.0 
350 0.000342094484949 0.00347334356047 0.0 
351 0.000171253515873 0.00348594551906 0.0 
352 3.66113447838e-18 0.00349014950916 0.0 
353 -0.000171253515873 0.00348594551906 0.0 
354 -0.000342094484949 0.00347334356047 0.0 
355 -0.000512111291755 0.00345237390138 0.0 
356 -0.000680894416291 0.00342308729887 0.0 
357 -0.000848037190735 0.00338555430062 0.0 
358 -0.00101313693449 0.00333986501209 0.0 
359 -0.00117579603102 0.00328612956218 0.0 
360 -0.00133562239353 0.00322447787039 0.0 
361 -0.00149223115295 0.00315505778417 0.0 
362 -0.00164524512365 0.00307803717442 0.0 
363 -0.0017942955019 0.0029936011415 0.0 
364 -0.00193902314641 0.00290195341222 0.0 
365 -0.00207907962613 0.00280331447721 0.0 
366 -0.00221412745304 0.00269792205654 0.0 
367 -0.00234384112991 0.00258603040129 0.0 
368 -0.00246790843084 0.00246790843084 0.0 
369 -0.00258603040129 0.00234384112991 0.0 
370 -0.00269792205654 0.00221412745304 0.0 
371 -0.00280331447721 0.00207907962613 0.0 
372 -0.00290195341222 0.00193902314641 0.0 
373 -0.0029936011415 0.0017942955019 0.0 
374 -0.00307803717442 0.00164524512365 0.0 
375 -0.00315505778417 0.00149223115295 0.0 
376 -0.00322447787039 0.00133562239353 0.0 
377 -0.00328612956218 0.00117579603102 0.0 
378 -0.00333986501209 0.00101313693449 0.0 
379 -0.00338555430062 0.000848037190735 0.0 
380 -0.00342308729887 0.000680894416291 0.0 
381 -0.00345237390138 0.000512111291755 0.0 
382 -0.00347334356047 0.000342094484949 0.0 
383 -0.00348594551906 0.000171253515873 0.0 
384 -0.00349014950916 1.20632761088e-21 0.0 
385 -0.00347463111393 -0.000170697690919 0.0 
386 -0.00346207013354 -0.000340984144714 0.0 
387 -0.00344116869383 -0.000510449171998 0.0 
388 -0.00341197708622 -0.000678684446029 0.0 
389 -0.00337456562556 -0.000845284725074 0.0 
390 -0.00332902465016 -0.00100984855089 0.0 
391 -0.00327546382323 -0.00117197970394 0.0 
392 -0.00321401213296 -0.00133128743619 0.0 
393 -0.0031448174268 -0.00148738792632 0.0 
394 -0.00306804687716 -0.00163990515284 0.0 
395 -0.00298388488591 -0.00178847170901 0.0 
396 -0.00289253448136 -0.00193272973411 0.0 
397 -0.00279421568848 -0.00207233149558 0.0 
398 -0.00268916552886 -0.00220694113523 0.0 
399 -0.00257763685659 -0.00233623385429 0.0 
400 -0.00245989835821 -0.00245989835821 0.0 
401 -0.00233623385429 -0.00257763685659 0.0 
402 -0.00220694113523 -0.00268916552886 0.0 
403 -0.00207233149558 -0.00279421568848 0.0 
404 -0.00193272973411 -0.00289253448136 0.0 
405 -0.00178847170901 -0.00298388488591 0.0 
406 -0.00163990515284 -0.00306804687716 0.0 
407 -0.00148738792632 -0.0031448174268 0.0 
408 -0.00133128743619 -0.00321401213296 0.0 
409 -0.00117197970394 -0.00327546382323 0.0 
410 -0.00100984855089 -0.00332902465016 0.0 
411 -0.000845284725074 -0.00337456562556 0.0 
412 -0.000678684446029 -0.00341197708622 0.0 
413 -0.000510449171998 -0.00344116869383 0.0 
414 -0.000340984144714 -0.00346207013354 0.0 
415 -0.000170697690919 -0.00347463111393 0.0 
416 2.53575624762e-17 -0.00347882159986 0.0 
417 0.000170697690919 -0.00347463111393 0.0 
418 0.000340984144714 -0.00346207013354 0.0 
419 0.000510449171998 -0.00344116869383 0.0 
420 0.000678684446029 -0.00341197708622 0.0 
421 0.000845284725074 -0.00337456562556 0.0 
422 0.00100984855089 -0.00332902465016 0.0 
423 0.00117197970394 -0.00327546382323 0.0 
424 0.00133128743619 -0.00321401213296 0.0 
425 0.00148738792632 -0.0031448174268 0.0 
426 0.00163990515284 -0.00306804687716 0.0 
427 0.00178847170901 -0.00298388488591 0.0 
428 0.00193272973411 -0.00289253448136 0.0 
429 0.00207233149558 -0.00279421568848 0.0 
430 0.00220694113523 -0.00268916552886 0.0 
431 0.00233623385429 -0.00257763685659 0.0 
432 0.00245989835821 -0.00245989835821 0.0 
433 0.00257763685659 -0.00233623385429 0.0 
434 0.00268916552886 -0.00220694113523 0.0 
435 0.00279421568848 -0.00207233149558 0.0 
436 0.00289253448136 -0.00193272973411 0.0 
437 0.00298388488591 -0.00178847170901 0.0 
438 0.00306804687716 -0.00163990515284 0.0 
439 0.0031448174268 -0.00148738792632 0.0 
440 0.00321401213296 -0.00133128743619 0.0 
441 0.00327546382323 -0.00117197970394 0.0 
442 0.00332902465016 -0.00100984855089 0.0 
443 0.00337456562556 -0.000845284725074 0.0 
444 0.00341197708622 -0.000678684446029 0.0 
445 0.00344116869383 -0.000510449171998 0.0 
446 0.00346207013354 -0.000340984144714 0.0 
447 0.00347463111393 -0.000170697690919 0.0 
448 0.00347882159986 8.15056874469e-18 0.0 
449 0.00347463111393 0.000170697690919 0.0 
450 0.00346207013354 0.000340984144714 0.0 
451 0.00344116869383 0.000510449171998 0.0 
452 0.00341197708622 0.000678684446029 0.0 
453 0.00337456562556 0.000845284725074 0.0 
454 0.00332902465016 0.00100984855089 0.0 
455 0.00327546382323 0.00117197970394 0.0 
456 0.00321401213296 0.00133128743619 0.0 
457 0.0031448174268 0.00148738792632 0.0 
458 0.00306804687716 0.00163990515284 0.0 
459 0.00298388488591 0.00178847170901 0.0 
460 0.00289253448136 0.00193272973411 0.0 
461 0.00279421568848 0.00207233149558 0.0 
462 0.00268916552886 0.00220694113523 0.0 
463 0.00257763685659 0.00233623385429 0.0 
464 0.00245989835821 0.00245989835821 0.0 
465 0.00233623385429 0.00257763685659 0.0 
466 0.00220694113523 0.00268916552886 0.0 
467 0.00207233149558 0.00279421568848 0.0 
468 0.00193272973411 0.00289253448136 0.0 
469 0.00178847170901 0.00298388488591 0.0 
470 0.00163990515284 0.00306804687716 0.0 
471 0.00148738792632 0.0031448174268 0.0 
472 0.00133128743619 0.00321401213296 0.0 
473 0.00117197970394 0.00327546382323 0.0 
474 0.00100984855089 0.00332902465016 0.0 
475 0.000845284725074 0.00337456562556 0.0 
476 0.000678684446029 0.00341197708622 0.0 
477 0.000510449171998 0.00344116869383 0.0 
478 0.000340984144714 0.00346207013354 0.0 
479 0.000170697690919 0.00347463111393 0.0 
480 3.64925161529e-18 0.00347882159986 0.0 
481 -0.000170697690919 0.00347463111393 0.0 
482 -0.000340984144714 0.00346207013354 0.0 
483 -0.000510449171998 0.00344116869383 0.0 
484 -0.000678684446029 0.00341197708622 0.0 
485 -0.000845284725074 0.00337456562556 0.0 
486 -0.00100984855089 0.00332902465016 0.0 
487 -0.00117197970394 0.00327546382323 0.0 
488 -0.00133128743619 0.00321401213296 0.0 
489 -0.00148738792632 0.0031448174268 0.0 
490 -0.00163990515284 0.00306804687716 0.0 
491 -0.00178847170901 0.00298388488591 0.0 
492 -0.00193272973411 0.00289253448136 0.0 
493 -0.00207233149558 0.00279421568848 0.0 
494 -0.00220694113523 0.00268916552886 0.0 
495 -0.00233623385429 0.00257763685659 0.0 
496 -0.00245989835821 0.00245989835821 0.0 
497 -0.00257763685659 0.00233623385429 0.0 
498 -0.00268916552886 0.00220694113523 0.0 
499 -0.00279421568848 0.00207233149558 0.0 
500 -0.00289253448136 0.00193272973411 0.0 
501 -0.00298388488591 0.00178847170901 0.0 
502 -0.00306804687716 0.00163990515284 0.0 
503 -0.0031448174268 0.00148738792632 0.0 
504 -0.00321401213296 0.00133128743619 0.0 
505 -0.00327546382323 0.00117197970394 0.0 
506 -0.00332902465016 0.00100984855089 0.0 
507 -0.00337456562556 0.000845284725074 0.0 
508 -0.00341197708622 0.000678684446029 0.0 
509 -0.00344116869383 0.000510449171998 0.0 
510 -0.00346207013354 0.000340984144714 0.0 
511 -0.00347463111393 0.000170697690919 0.0 
512 -0.00347882159986 2.59360441387e-21 0.0 
513 -0.00346161960624 -0.000170058468939 0.0 
514 -0.00344910565764 -0.00033970727236 0.0 
515 -0.00342828244902 -0.000508537632413 0.0 
516 -0.00339920027182 -0.000676142924931 0.0 
517 -0.00336192897521 -0.000842119334266 0.0 
518 -0.00331655843183 -0.00100606703199 0.0 
519 -0.00326319830492 -0.00116759096272 0.0 
520 -0.0032019764185 -0.00132630206645 0.0 
521 -0.00313304108568 -0.00148181815166 0.0 
522 -0.00305655784905 -0.00163376424462 0.0 
523 -0.00297271111049 -0.00178177445196 0.0 
524 -0.00288170273416 -0.00192549219355 0.0 
525 -0.00278375227936 -0.00206457125023 0.0 
526 -0.00267909537069 -0.00219867681153 0.0 
527 -0.00256798439659 -0.00232748524286 0.0 
528 -0.00245068687946 -0.00245068687946 0.0 
529 -0.00232748524286 -0.00256798439659 0.0 
530 -0.00219867681153 -0.00267909537069 0.0 
531 -0.00206457125023 -0.00278375227936 0.0 
532 -0.00192549219355 -0.00288170273416 0.0 
533 -0.00178177445196 -0.00297271111049 0.0 
534 -0.00163376424462 -0.00305655784905 0.0 
535 -0.00148181815166 -0.00313304108568 0.0 
536 -0.00132630206645 -0.0032019764185 0.0 
537 -0.00116759096272 -0.00326319830492 0.0 
538 -0.00100606703199 -0.00331655843183 0.0 
539 -0.000842119334266 -0.00336192897521 0.0 
540 -0.000676142924931 -0.00339920027182 0.0 
541 -0.000508537632413 -0.00342828244902 0.0 
542 -0.00033970727236 -0.00344910565764 0.0 
543 -0.000170058468939 -0.00346161960624 0.0 
544 2.5262607105e-17 -0.00346579449251 0.0 
545 0.000170058468939 -0.00346161960624 0.0 
546 0.00033970727236 -0.00344910565764 0.0 
547 0.000508537632413 -0.00342828244902 0.0 
548 0.000676142924931 -0.00339920027182 0.0 
549 0.000842119334266 -0.00336192897521 0.0 
550 0.00100606703199 -0.00331655843183 0.0 
551 0.00116759096272 -0.00326319830492 0.0 
552 0.00132630206645 -0.0032019764185 0.0 
553 0.00148181815166 -0.00313304108568 0.0 
554 0.00163376424462 -0.00305655784905 0.0 
555 0.00178177445196 -0.00297271111049 0.0 
556 0.00192549219355 -0.00288170273416 0.0 
557 0.00206457125023 -0.00278375227936 0.0 
558 0.00219867681153 -0.00267909537069 0.0 
559 0.00232748524286 -0.00256798439659 0.0 
560 0.00245068687946 -0.00245068687946 0.0 
561 0.00256798439659 -0.00232748524286 0.0 
562 0.00267909537069 -0.00219867681153 0.0 
563 0.00278375227936 -0.00206457125023 0.0 
564 0.00288170273416 -0.00192549219355 0.0 
565 0.00297271111049 -0.00178177445196 0.0 
566 0.00305655784905 -0.00163376424462 0.0 
567 0.00313304108568 -0.00148181815166 0.0 
568 0.0032019764185 -0.00132630206645 0.0 
569 0.00326319830492 -0.00116759096272 0.0 
570 0.00331655843183 -0.00100606703199 0.0 
571 0.00336192897521 -0.000842119334266 0.0 
572 0.00339920027182 -0.000676142924931 0.0 
573 0.00342828244902 -0.000508537632413 0.0 
574 0.00344910565764 -0.00033970727236 0.0 
575 0.00346161960624 -0.000170058468939 0.0 
576 0.00346579449251 8.12004660727e-18 0.0 
577 0.00346161960624 0.000170058468939 0.0 
578 0.00344910565764 0.00033970727236 0.0 
579 0.00342828244902 0.000508537632413 0.0 
580 0.00339920027182 0.000676142924931 0.0 
581 0.00336192897521 0.000842119334266 0.0 
582 0.00331655843183 0.00100606703199 0.0 
583 0.00326319830492 0.00116759096272 0.0 
584 0.0032019764185 0.00132630206645 0.0 
585 0.00313304108568 0.00148181815166 0.0 
586 0.00305655784905 0.00163376424462 0.0 
587 0.00297271111049 0.00178177445196 0.0 
588 0.00288170273416 0.00192549219355 0.0 
589 0.00278375227936 0.00206457125023 0.0 
590 0.00267909537069 0.00219867681153 0.0 
591 0.00256798439659 0.00232748524286 0.0 
592 0.00245068687946 0.00245068687946 0.0 
593 0.00232748524286 0.00256798439659 0.0 
594 0.00219867681153 0.00267909537069 0.0 
595 0.00206457125023 0.00278375227936 0.0 
596 0.00192549219355 0.00288170273416 0.0 
597 0.00178177445196 0.00297271111049 0.0 
598 0.00163376424462 0.00305655784905 0.0 
599 0.00148181815166 0.00313304108568 0.0 
600 0.00132630206645 0.0032019764185 0.0 
601 0.00116759096272 0.00326319830492 0.0 
602 0.00100606703199 0.00331655843183 0.0 
603 0.000842119334266 0.00336192897521 0.0 
604 0.000676142924931 0.00339920027182 0.0 
605 0.000508537632413 0.00342828244902 0.0 
606 0.00033970727236 0.00344910565764 0.0 
607 0.000170058468939 0.00346161960624 0.0 
608 3.63558617798e-18 0.00346579449251 0.0 
609 -0.000170058468939 0.00346161960624 0.0 
610 -0.00033970727236 0.00344910565764 0.0 
611 -0.000508537632413 0.00342828244902 0.0 
612 -0.000676142924931 0.00339920027182 0.0 
613 -0.000842119334266 0.00336192897521 0.0 
614 -0.00100606703199 0.00331655843183 0.0 
615 -0.00116759096272 0.00326319830492 0.0 
616 -0.00132630206645 0.0032019764185 0.0 
617 -0.00148181815166 0.00313304108568 0.0 
618 -0.00163376424462 0.00305655784905 0.0 
619 -0.00178177445196 0.00297271111049 0.0 
620 -0.00192549219355 0.00288170273416 0.0 
621 -0.00206457125023 0.00278375227936 0.0 
622 -0.00219867681153 0.00267909537069 0.0 
623 -0.00232748524286 0.00256798439659 0.0 
624 -0.00245068687946 0.00245068687946 0.0 
625 -0.00256798439659 0.00232748524286 0.0 
626 -0.00267909537069 0.00219867681153 0.0 
627 -0.00278375227936 0.00206457125023 0.0 
628 -0.00288170273416 0.00192549219355 0.0 
629 -0.00297271111049 0.00178177445196 0.0 
630 -0.00305655784905 0.00163376424462 0.0 
631 -0.00313304108568 0.00148181815166 0.0 
632 -0.0032019764185 0.00132630206645 0.0 
633 -0.00326319830492 0.00116759096272 0.0 
634 -0.00331655843183 0.00100606703199 0.0 
635 -0.00336192897521 0.000842119334266 0.0 
636 -0.00339920027182 0.000676142924931 0.0 
637 -0.00342828244902 0.000508537632413 0.0 
638 -0.00344910565764 0.00033970727236 0.0 
639 -0.00346161960624 0.000170058468939 0.0 
640 -0.00346579449251 4.18897267673e-21 0.0 
641 -0.0034466565121 -0.000169323378941 0.0 
642 -0.0034341965802 -0.000338238838594 0.0 
643 -0.00341346347705 -0.000506339478306 0.0 
644 -0.00338450679556 -0.000673220260069 0.0 
645 -0.00334739661776 -0.000838479201775 0.0 
646 -0.00330222235061 -0.00100171822123 0.0 
647 -0.00324909272604 -0.00116254400928 0.0 
648 -0.00318813580088 -0.00132056896109 0.0 
649 -0.00311949825846 -0.00147541274782 0.0 
650 -0.00304334540851 -0.00162670214195 0.0 
651 -0.00295986118726 -0.00177407253068 0.0 
652 -0.00286924629472 -0.00191716908012 0.0 
653 -0.00277171912603 -0.00205564708449 0.0 
654 -0.00266751460731 -0.00218917266466 0.0 
655 -0.00255688396282 -0.00231742439792 0.0 
656 -0.002440093318 -0.002440093318 0.0 
657 -0.00231742439792 -0.00255688396282 0.0 
658 -0.00218917266466 -0.00266751460731 0.0 
659 -0.00205564708449 -0.00277171912603 0.0 
660 -0.00191716908012 -0.00286924629472 0.0 
661 -0.00177407253068 -0.00295986118726 0.0 
662 -0.00162670214195 -0.00304334540851 0.0 
663 -0.00147541274782 -0.00311949825846 0.0 
664 -0.00132056896109 -0.00318813580088 0.0 
665 -0.00116254400928 -0.00324909272604 0.0 
666 -0.00100171822123 -0.00330222235061 0.0 
667 -0.000838479201775 -0.00334739661776 0.0 
668 -0.000673220260069 -0.00338450679556 0.0 
669 -0.000506339478306 -0.00341346347705 0.0 
670 -0.000338238838594 -0.0034341965802 0.0 
671 -0.000169323378941 -0.0034466565121 0.0 
672 2.51534076836e-17 -0.00345081323758 0.0 
673 0.000169323378941 -0.0034466565121 0.0 
674 0.000338238838594 -0.0034341965802 0.0 
675 0.000506339478306 -0.00341346347705 0.0 
676 0.000673220260069 -0.00338450679556 0.0 
677 0.000838479201775 -0.00334739661776 0.0 
678 0.00100171822123 -0.00330222235061 0.0 
679 0.00116254400928 -0.00324909272604 0.0 
680 0.00132056896109 -0.00318813580088 0.0 
681 0.00147541274782 -0.00311949825846 0.0 
682 0.00162670214195 -0.00304334540851 0.0 
683 0.00177407253068 -0.00295986118726 0.0 
684 0.00191716908012 -0.00286924629472 0.0 
685 0.00205564708449 -0.00277171912603 0.0 
686 0.00218917266466 -0.00266751460731 0.0 
687 0.00231742439792 -0.00255688396282 0.0 
688 0.002440093318 -0.002440093318 0.0 
689 0.00255688396282 -0.00231742439792 0.0 
690 0.00266751460731 -0.00218917266466 0.0 
691 0.00277171912603 -0.00205564708449 0.0 
692 0.00286924629472 -0.00191716908012 0.0 
693 0.00295986118726 -0.00177407253068 0.0 
694 0.00304334540851 -0.00162670214195 0.0 
695 0.00311949825846 -0.00147541274782 0.0 
696 0.00318813580088 -0.00132056896109 0.0 
697 0.00324909272604 -0.00116254400928 0.0 
698 0.00330222235061 -0.00100171822123 0.0 
699 0.00334739661776 -0.000838479201775 0.0 
700 0.00338450679556 -0.000673220260069 0.0 
701 0.00341346347705 -0.000506339478306 0.0 
702 0.0034341965802 -0.000338238838594 0.0 
703 0.0034466565121 -0.000169323378941 0.0 
704 0.00345081323758 8.08494767952e-18 0.0 
705 0.0034466565121 0.000169323378941 0.0 
706 0.0034341965802 0.000338238838594 0.0 
707 0.00341346347705 0.000506339478306 0.0 
708 0.00338450679556 0.000673220260069 0.0 
709 0.00334739661776 0.000838479201775 0.0 
710 0.00330222235061 0.00100171822123 0.0 
711 0.00324909272604 0.00116254400928 0.0 
712 0.00318813580088 0.00132056896109 0.0 
713 0.00311949825846 0.00147541274782 0.0 
714 0.00304334540851 0.00162670214195 0.0 
715 0.00295986118726 0.00177407253068 0.0 
716 0.00286924629472 0.00191716908012 0.0 
717 0.00277171912603 0.00205564708449 0.0 
718 0.00266751460731 0.00218917266466 0.0 
719 0.00255688396282 0.00231742439792 0.0 
720 0.002440093318 0.002440093318 0.0 
721 0.00231742439792 0.00255688396282 0.0 
722 0.00218917266466 0.00266751460731 0.0 
723 0.00205564708449 0.00277171912603 0.0 
724 0.00191716908012 0.00286924629472 0.0 
725 0.00177407253068 0.00295986118726 0.0 
726 0.00162670214195 0.00304334540851 0.0 
727 0.00147541274782 0.00311949825846 0.0 
728 0.00132056896109 0.00318813580088 0.0 
729 0.00116254400928 0.00324909272604 0.0 
730 0.00100171822123 0.00330222235061 0.0 
731 0.000838479201775 0.00334739661776 0.0 
732 0.000673220260069 0.00338450679556 0.0 
733 0.000506339478306 0.00341346347705 0.0 
734 0.000338238838594 0.0034341965802 0.0 
735 0.000169323378941 0.0034466565121 0.0 
736 3.61987098712e-18 0.00345081323758 0.0 
737 -0.000169323378941 0.0034466565121 0.0 
738 -0.000338238838594 0.0034341965802 0.0 
739 -0.000506339478306 0.00341346347705 0.0 
740 -0.000673220260069 0.00338450679556 0.0 
741 -0.000838479201775 0.00334739661776 0.0 
742 -0.00100171822123 0.00330222235061 0.0 
743 -0.00116254400928 0.00324909272604 0.0 
744 -0.00132056896109 0.00318813580088 0.0 
745 -0.00147541274782 0.00311949825846 0.0 
746 -0.00162670214195 0.00304334540851 0.0 
747 -0.00177407253068 0.00295986118726 0.0 
748 -0.00191716908012 0.00286924629472 0.0 
749 -0.00205564708449 0.00277171912603 0.0 
750 -0.00218917266466 0.00266751460731 0.0 
751 -0.00231742439792 0.00255688396282 0.0 
752 -0.002440093318 0.002440093318 0.0 
753 -0.00255688396282 0.00231742439792 0.0 
754 -0.00266751460731 0.00218917266466 0.0 
755 -0.00277171912603 0.00205564708449 0.0 
756 -0.00286924629472 0.00191716908012 0.0 
757 -0.00295986118726 0.00177407253068 0.0 
758 -0.00304334540851 0.00162670214195 0.0 
759 -0.00311949825846 0.00147541274782 0.0 
760 -0.00318813580088 0.00132056896109 0.0 
761 -0.00324909272604 0.00116254400928 0.0 
762 -0.00330222235061 0.00100171822123 0.0 
763 -0.00334739661776 0.000838479201775 0.0 
764 -0.00338450679556 0.000673220260069 0.0 
765 -0.00341346347705 0.000506339478306 0.0 
766 -0.0034341965802 0.000338238838594 0.0 
767 -0.0034466565121 0.000169323378941 0.0 
768 -0.00345081323758 6.02364635068e-21 0.0 
769 -0.00342944893055 -0.00016847801453 0.0 
770 -0.00341705116443 -0.00033655014704 0.0 
771 -0.00339642143808 -0.000503811519593 0.0 
772 -0.00336760934442 -0.000669859175105 0.0 
773 -0.00333068449982 -0.000834293023217 0.0 
774 -0.00328573584557 -0.000996717019007 0.0 
775 -0.00323287141509 -0.00115673989058 0.0 
776 -0.00317221879959 -0.00131397601217 0.0 
777 -0.00310392398387 -0.00146804668475 0.0 
778 -0.00302815134637 -0.00161858065985 0.0 
779 -0.00294508389197 -0.00176521530375 0.0 
780 -0.00285492138937 -0.00190759752877 0.0 
781 -0.00275788106956 -0.00204538414255 0.0 
782 -0.00265419692732 -0.00217824312858 0.0 
783 -0.00254411855713 -0.00230585457757 0.0 
784 -0.00242791115306 -0.00242791115306 0.0 
785 -0.00230585457757 -0.00254411855713 0.0 
786 -0.00217824312858 -0.00265419692732 0.0 
787 -0.00204538414255 -0.00275788106956 0.0 
788 -0.00190759752877 -0.00285492138937 0.0 
789 -0.00176521530375 -0.00294508389197 0.0 
790 -0.00161858065985 -0.00302815134637 0.0 
791 -0.00146804668475 -0.00310392398387 0.0 
792 -0.00131397601217 -0.00317221879959 0.0 
793 -0.00115673989058 -0.00323287141509 0.0 
794 -0.000996717019007 -0.00328573584557 0.0 
795 -0.000834293023217 -0.00333068449982 0.0 
796 -0.000669859175105 -0.00336760934442 0.0 
797 -0.000503811519593 -0.00339642143808 0.0 
798 -0.00033655014704 -0.00341705116443 0.0 
799 -0.00016847801453 -0.00342944893055 0.0 
800 2.50278267774e-17 -0.00343358470127 0.0 
801 0.00016847801453 -0.00342944893055 0.0 
802 0.00033655014704 -0.00341705116443 0.0 
803 0.000503811519593 -0.00339642143808 0.0 
804 0.000669859175105 -0.00336760934442 0.0 
805 0.000834293023217 -0.00333068449982 0.0 
806 0.000996717019007 -0.00328573584557 0.0 
807 0.00115673989058 -0.00323287141509 0.0 
808 0.00131397601217 -0.00317221879959 0.0 
809 0.00146804668475 -0.00310392398387 0.0 
810 0.00161858065985 -0.00302815134637 0.0 
811 0.00176521530375 -0.00294508389197 0.0 
812 0.00190759752877 -0.00285492138937 0.0 
813 0.00204538414255 -0.00275788106956 0.0 
814 0.00217824312858 -0.00265419692732 0.0 
815 0.00230585457757 -0.00254411855713 0.0 
816 0.00242791115306 -0.00242791115306 0.0 
817 0.00254411855713 -0.00230585457757 0.0 
818 0.00265419692732 -0.00217824312858 0.0 
819 0.00275788106956 -0.00204538414255 0.0 
820 0.00285492138937 -0.00190759752877 0.0 
821 0.00294508389197 -0.00176521530375 0.0 
822 0.00302815134637 -0.00161858065985 0.0 
823 0.00310392398387 -0.00146804668475 0.0 
824 0.00317221879959 -0.00131397601217 0.0 
825 0.00323287141509 -0.00115673989058 0.0 
826 0.00328573584557 -0.000996717019007 0.0 
827 0.00333068449982 -0.000834293023217 0.0 
828 0.00336760934442 -0.000669859175105 0.0 
829 0.00339642143808 -0.000503811519593 0.0 
830 0.00341705116443 -0.00033655014704 0.0 
831 0.00342944893055 -0.00016847801453 0.0 
832 0.00343358470127 8.04458291998e-18 0.0 
833 0.00342944893055 0.00016847801453 0.0 
834 0.00341705116443 0.00033655014704 0.0 
835 0.00339642143808 0.000503811519593 0.0 
836 0.00336760934442 0.000669859175105 0.0 
837 0.00333068449982 0.000834293023217 0.0 
838 0.00328573584557 0.000996717019007 0.0 
839 0.00323287141509 0.00115673989058 0.0 
840 0.00317221879959 0.00131397601217 0.0 
841 0.00310392398387 0.00146804668475 0.0 
842 0.00302815134637 0.00161858065985 0.0 
843 0.00294508389197 0.00176521530375 0.0 
844 0.00285492138937 0.00190759752877 0.0 
845 0.00275788106956 0.00204538414255 0.0 
846 0.00265419692732 0.00217824312858 0.0 
847 0.00254411855713 0.00230585457757 0.0 
848 0.00242791115306 0.00242791115306 0.0 
849 0.00230585457757 0.00254411855713 0.0 
850 0.00217824312858 0.00265419692732 0.0 
851 0.00204538414255 0.00275788106956 0.0 
852 0.00190759752877 0.00285492138937 0.0 
853 0.00176521530375 0.00294508389197 0.0 
854 0.00161858065985 0.00302815134637 0.0 
855 0.00146804668475 0.00310392398387 0.0 
856 0.00131397601217 0.00317221879959 0.0 
857 0.00115673989058 0.00323287141509 0.0 
858 0.000996717019007 0.00328573584557 0.0 
859 0.000834293023217 0.00333068449982 0.0 
860 0.000669859175105 0.00336760934442 0.0 
861 0.000503811519593 0.00339642143808 0.0 
862 0.00033655014704 0.00341705116443 0.0 
863 0.00016847801453 0.00342944893055 0.0 
864 3.6017983315e-18 0.00343358470127 0.0 
865 -0.00016847801453 0.00342944893055 0.0 
866 -0.00033655014704 0.00341705116443 0.0 
867 -0.000503811519593 0.00339642143808 0.0 
868 -0.000669859175105 0.00336760934442 0.0 
869 -0.000834293023217 0.00333068449982 0.0 
870 -0.000996717019007 0.00328573584557 0.0 
871 -0.00115673989058 0.00323287141509 0.0 
872 -0.00131397601217 0.00317221879959 0.0 
873 -0.00146804668475 0.00310392398387 0.0 
874 -0.00161858065985 0.00302815134637 0.0 
875 -0.00176521530375 0.00294508389197 0.0 
876 -0.00190759752877 0.00285492138937 0.0 
877 -0.00204538414255 0.00275788106956 0.0 
878 -0.00217824312858 0.00265419692732 0.0 
879 -0.00230585457757 0.00254411855713 0.0 
880 -0.00242791115306 0.00242791115306 0.0 
881 -0.00254411855713 0.00230585457757 0.0 
882 -0.00265419692732 0.00217824312858 0.0 
883 -0.00275788106956 0.00204538414255 0.0 
884 -0.00285492138937 0.00190759752877 0.0 
885 -0.00294508389197 0.00176521530375 0.0 
886 -0.00302815134637 0.00161858065985 0.0 
887 -0.00310392398387 0.00146804668475 0.0 
888 -0.00317221879959 0.00131397601217 0.0 
889 -0.00323287141509 0.00115673989058 0.0 
890 -0.00328573584557 0.000996717019007 0.0 
891 -0.00333068449982 0.000834293023217 0.0 
892 -0.00336760934442 0.000669859175105 0.0 
893 -0.00339642143808 0.000503811519593 0.0 
894 -0.00341705116443 0.00033655014704 0.0 
895 -0.00342944893055 0.00016847801453 0.0 
896 -0.00343358470127 8.1335207526e-21 0.0 
897 -0.00340965995565 -0.000167505859281 0.0 
898 -0.00339733390138 -0.000334608193953 0.0 
899 -0.00337682315148 -0.000500904396176 0.0 
900 -0.0033481772989 -0.000665993895382 0.0 
901 -0.00331146549433 -0.000829478958622 0.0 
902 -0.00326677621342 -0.000990965752862 0.0 
903 -0.00321421679109 -0.0011500652181 0.0 
904 -0.00315391412005 -0.00130639399868 0.0 
905 -0.00308601348661 -0.00145957560744 0.0 
906 -0.00301067810506 -0.00160924100783 0.0 
907 -0.00292809004895 -0.00175502954517 0.0 
908 -0.00283844769001 -0.00189659011085 0.0 
909 -0.00274196732789 -0.00203358149156 0.0 
910 -0.00263888156042 -0.00216567399912 0.0 
911 -0.00252943835221 -0.00229254923761 0.0 
912 -0.0024139015004 -0.0024139015004 0.0 
913 -0.00229254923761 -0.00252943835221 0.0 
914 -0.00216567399912 -0.00263888156042 0.0 
915 -0.00203358149156 -0.00274196732789 0.0 
916 -0.00189659011085 -0.00283844769001 0.0 
917 -0.00175502954517 -0.00292809004895 0.0 
918 -0.00160924100783 -0.00301067810506 0.0 
919 -0.00145957560744 -0.00308601348661 0.0 
920 -0.00130639399868 -0.00315391412005 0.0 
921 -0.0011500652181 -0.00321421679109 0.0 
922 -0.000990965752862 -0.00326677621342 0.0 
923 -0.000829478958622 -0.00331146549433 0.0 
924 -0.000665993895382 -0.0033481772989 0.0 
925 -0.000500904396176 -0.00337682315148 0.0 
926 -0.000334608193953 -0.00339733390138 0.0 
927 -0.000167505859281 -0.00340965995565 0.0 
928 2.48834093142e-17 -0.00341377221048 0.0 
929 0.000167505859281 -0.00340965995565 0.0 
930 0.000334608193953 -0.00339733390138 0.0 
931 0.000500904396176 -0.00337682315148 0.0 
932 0.000665993895382 -0.0033481772989 0.0 
933 0.000829478958622 -0.00331146549433 0.0 
934 0.000990965752862 -0.00326677621342 0.0 
935 0.0011500652181 -0.00321421679109 0.0 
936 0.00130639399868 -0.00315391412005 0.0 
937 0.00145957560744 -0.00308601348661 0.0 
938 0.00160924100783 -0.00301067810506 0.0 
939 0.00175502954517 -0.00292809004895 0.0 
940 0.00189659011085 -0.00283844769001 0.0 
941 0.00203358149156 -0.00274196732789 0.0 
942 0.00216567399912 -0.00263888156042 0.0 
943 0.00229254923761 -0.00252943835221 0.0 
944 0.0024139015004 -0.0024139015004 0.0 
945 0.00252943835221 -0.00229254923761 0.0 
946 0.00263888156042 -0.00216567399912 0.0 
947 0.00274196732789 -0.00203358149156 0.0 
948 0.00283844769001 -0.00189659011085 0.0 
949 0.00292809004895 -0.00175502954517 0.0 
950 0.00301067810506 -0.00160924100783 0.0 
951 0.00308601348661 -0.00145957560744 0.0 
952 0.00315391412005 -0.00130639399868 0.0 
953 0.00321421679109 -0.0011500652181 0.0 
954 0.00326677621342 -0.000990965752862 0.0 
955 0.00331146549433 -0.000829478958622 0.0 
956 0.0033481772989 -0.000665993895382 0.0 
957 0.00337682315148 -0.000500904396176 0.0 
958 0.00339733390138 -0.000334608193953 0.0 
959 0.00340965995565 -0.000167505859281 0.0 
960 0.00341377221048 7.99816319837e-18 0.0 
961 0.00340965995565 0.000167505859281 0.0 
962 0.00339733390138 0.000334608193953 0.0 
963 0.00337682315148 0.000500904396176 0.0 
964 0.0033481772989 0.000665993895382 0.0 
965 0.00331146549433 0.000829478958622 0.0 
966 0.00326677621342 0.000990965752862 0.0 
967 0.00321421679109 0.0011500652181 0.0 
968 0.00315391412005 0.00130639399868 0.0 
969 0.00308601348661 0.00145957560744 0.0 
970 0.00301067810506 0.00160924100783 0.0 
971 0.00292809004895 0.00175502954517 0.0 
972 0.00283844769001 0.00189659011085 0.0 
973 0.00274196732789 0.00203358149156 0.0 
974 0.00263888156042 0.00216567399912 0.0 
975 0.00252943835221 0.00229254923761 0.0 
976 0.0024139015004 0.0024139015004 0.0 
977 0.00229254923761 0.00252943835221 0.0 
978 0.00216567399912 0.00263888156042 0.0 
979 0.00203358149156 0.00274196732789 0.0 
980 0.00189659011085 0.00283844769001 0.0 
981 0.00175502954517 0.00292809004895 0.0 
982 0.00160924100783 0.00301067810506 0.0 
983 0.00145957560744 0.00308601348661 0.0 
984 0.00130639399868 0.00315391412005 0.0 
985 0.0011500652181 0.00321421679109 0.0 
986 0.000990965752862 0.00326677621342 0.0 
987 0.000829478958622 0.00331146549433 0.0 
988 0.000665993895382 0.0033481772989 0.0 
989 0.000500904396176 0.00337682315148 0.0 
990 0.000334608193953 0.00339733390138 0.0 
991 0.000167505859281 0.00340965995565 0.0 
992 3.58101500502e-18 0.00341377221048 0.0 
993 -0.000167505859281 0.00340965995565 0.0 
994 -0.000334608193953 0.00339733390138 0.0 
995 -0.000500904396176 0.00337682315148 0.0 
996 -0.000665993895382 0.0033481772989 0.0 
997 -0.000829478958622 0.00331146549433 0.0 
998 -0.000990965752862 0.00326677621342 0.0 
999 -0.0011500652181 0.00321421679109 0.0 
1000 -0.00130639399868 0.00315391412005 0.0 
1001 -0.00145957560744 0.00308601348661 0.0 
1002 -0.00160924100783 0.00301067810506 0.0 
1003 -0.00175502954517 0.00292809004895 0.0 
1004 -0.00189659011085 0.00283844769001 0.0 
1005 -0.00203358149156 0.00274196732789 0.0 
1006 -0.00216567399912 0.00263888156042 0.0 
1007 -0.00229254923761 0.00252943835221 0.0 
1008 -0.0024139015004 0.0024139015004 0.0 
1009 -0.00252943835221 0.00229254923761 0.0 
1010 -0.00263888156042 0.00216567399912 0.0 
1011 -0.00274196732789 0.00203358149156 0.0 
1012 -0.00283844769001 0.00189659011085 0.0 
1013 -0.00292809004895 0.00175502954517 0.0 
1014 -0.00301067810506 0.00160924100783 0.0 
1015 -0.00308601348661 0.00145957560744 0.0 
1016 -0.00315391412005 0.00130639399868 0.0 
1017 -0.00321421679109 0.0011500652181 0.0 
1018 -0.00326677621342 0.000990965752862 0.0 
1019 -0.00331146549433 0.000829478958622 0.0 
1020 -0.0033481772989 0.000665993895382 0.0 
1021 -0.00337682315148 0.000500904396176 0.0 
1022 -0.00339733390138 0.000334608193953 0.0 
1023 -0.00340965995565 0.000167505859281 0.0 
1024 -0.00341377221048 1.05598757494e-20 0.0 
1025 -0.00338690285571 -0.000166387864738 0.0 
1026 -0.00337465899065 -0.000332374882419 0.0 
1027 -0.00335428514518 -0.000497561180964 0.0 
1028 -0.00332583067939 -0.000661548867356 0.0 
1029 -0.00328936381266 -0.000823942711577 0.0 
1030 -0.0032449727878 -0.000984351732768 0.0 
1031 -0.00319276400842 -0.00114238925744 0.0 
1032 -0.00313286390156 -0.0012976747239 0.0 
1033 -0.00306541635655 -0.00144983397331 0.0 
1034 -0.00299058388919 -0.00159850041382 0.0 
1035 -0.00290854694322 -0.0017433159519 0.0 
1036 -0.00281950295903 -0.00188393169083 0.0 
1037 -0.00272366660647 -0.00202000886202 0.0 
1038 -0.00262126885355 -0.00215121963993 0.0 
1039 -0.00251255603507 -0.00227724807337 0.0 
1040 -0.00239779008552 -0.00239779008552 0.0 
1041 -0.00227724807337 -0.00251255603507 0.0 
1042 -0.00215121963993 -0.00262126885355 0.0 
1043 -0.00202000886202 -0.00272366660647 0.0 
1044 -0.00188393169083 -0.00281950295903 0.0 
1045 -0.0017433159519 -0.00290854694322 0.0 
1046 -0.00159850041382 -0.00299058388919 0.0 
1047 -0.00144983397331 -0.00306541635655 0.0 
1048 -0.0012976747239 -0.00313286390156 0.0 
1049 -0.00114238925744 -0.00319276400842 0.0 
1050 -0.000984351732768 -0.0032449727878 0.0 
1051 -0.000823942711577 -0.00328936381266 0.0 
1052 -0.000661548867356 -0.00332583067939 0.0 
1053 -0.000497561180964 -0.00335428514518 0.0 
1054 -0.000332374882419 -0.00337465899065 0.0 
1055 -0.000166387864738 -0.00338690285571 0.0 
1056 2.47173296452e-17 -0.00339098740369 0.0 
1057 0.000166387864738 -0.00338690285571 0.0 
1058 0.000332374882419 -0.00337465899065 0.0 
1059 0.000497561180964 -0.00335428514518 0.0 
1060 0.000661548867356 -0.00332583067939 0.0 
1061 0.000823942711577 -0.00328936381266 0.0 
1062 0.000984351732768 -0.0032449727878 0.0 
1063 0.00114238925744 -0.00319276400842 0.0 
1064 0.0012976747239 -0.00313286390156 0.0 
1065 0.00144983397331 -0.00306541635655 0.0 
1066 0.00159850041382 -0.00299058388919 0.0 
1067 0.0017433159519 -0.00290854694322 0.0 
1068 0.00188393169083 -0.00281950295903 0.0 
1069 0.00202000886202 -0.00272366660647 0.0 
1070 0.00215121963993 -0.00262126885355 0.0 
1071 0.00227724807337 -0.00251255603507 0.0 
1072 0.00239779008552 -0.00239779008552 0.0 
1073 0.00251255603507 -0.00227724807337 0.0 
1074 0.00262126885355 -0.00215121963993 0.0 
1075 0.00272366660647 -0.00202000886202 0.0 
1076 0.00281950295903 -0.00188393169083 0.0 
1077 0.00290854694322 -0.0017433159519 0.0 
1078 0.00299058388919 -0.00159850041382 0.0 
1079 0.00306541635655 -0.00144983397331 0.0 
1080 0.00313286390156 -0.0012976747239 0.0 
1081 0.00319276400842 -0.00114238925744 0.0 
1082 0.0032449727878 -0.000984351732768 0.0 
1083 0.00328936381266 -0.000823942711577 0.0 
1084 0.00332583067939 -0.000661548867356 0.0 
1085 0.00335428514518 -0.000497561180964 0.0 
1086 0.00337465899065 -0.000332374882419 0.0 
1087 0.00338690285571 -0.000166387864738 0.0 
1088 0.00339098740369 7.94478109754e-18 0.0 
1089 0.00338690285571 0.000166387864738 0.0 
1090 0.00337465899065 0.000332374882419 0.0 
1091 0.00335428514518 0.000497561180964 0.0 
1092 0.00332583067939 0.000661548867356 0.0 
1093 0.00328936381266 0.000823942711577 0.0 
1094 0.0032449727878 0.000984351732768 0.0 
1095 0.00319276400842 0.00114238925744 0.0 
1096 0.00313286390156 0.0012976747239 0.0 
1097 0.00306541635655 0.00144983397331 0.0 
1098 0.00299058388919 0.00159850041382 0.0 
1099 0.00290854694322 0.0017433159519 0.0 
1100 0.00281950295903 0.00188393169083 0.0 
1101 0.00272366660647 0.00202000886202 0.0 
1102 0.00262126885355 0.00215121963993 0.0 
1103 0.00251255603507 0.00227724807337 0.0 
1104 0.00239779008552 0.00239779008552 0.0 
1105 0.00227724807337 0.00251255603507 0.0 
1106 0.00215121963993 0.00262126885355 0.0 
1107 0.00202000886202 0.00272366660647 0.0 
1108 0.00188393169083 0.00281950295903 0.0 
1109 0.0017433159519 0.00290854694322 0.0 
1110 0.00159850041382 0.00299058388919 0.0 
1111 0.00144983397331 0.00306541635655 0.0 
1112 0.0012976747239 0.00313286390156 0.0 
1113 0.00114238925744 0.00319276400842 0.0 
1114 0.000984351732768 0.0032449727878 0.0 
1115 0.000823942711577 0.00328936381266 0.0 
1116 0.000661548867356 0.00332583067939 0.0 
1117 0.000497561180964 0.00335428514518 0.0 
1118 0.000332374882419 0.00337465899065 0.0 
1119 0.000166387864738 0.00338690285571 0.0 
1120 3.5571144484e-18 0.00339098740369 0.0 
1121 -0.000166387864738 0.00338690285571 0.0 
1122 -0.000332374882419 0.00337465899065 0.0 
1123 -0.000497561180964 0.00335428514518 0.0 
1124 -0.000661548867356 0.00332583067939 0.0 
1125 -0.000823942711577 0.00328936381266 0.0 
1126 -0.000984351732768 0.0032449727878 0.0 
1127 -0.00114238925744 0.00319276400842 0.0 
1128 -0.0012976747239 0.00313286390156 0.0 
1129 -0.00144983397331 0.00306541635655 0.0 
1130 -0.00159850041382 0.00299058388919 0.0 
1131 -0.0017433159519 0.00290854694322 0.0 
1132 -0.00188393169083 0.00281950295903 0.0 
1133 -0.00202000886202 0.00272366660647 0.0 
1134 -0.00215121963993 0.00262126885355 0.0 
1135 -0.00227724807337 0.00251255603507 0.0 
1136 -0.00239779008552 0.00239779008552 0.0 
1137 -0.00251255603507 0.00227724807337 0.0 
1138 -0.00262126885355 0.00215121963993 0.0 
1139 -0.00272366660647 0.00202000886202 0.0 
1140 -0.00281950295903 0.00188393169083 0.0 
1141 -0.00290854694322 0.0017433159519 0.0 
1142 -0.00299058388919 0.00159850041382 0.0 
1143 -0.00306541635655 0.00144983397331 0.0 
1144 -0.00313286390156 0.0012976747239 0.0 
1145 -0.00319276400842 0.00114238925744 0.0 
1146 -0.0032449727878 0.000984351732768 0.0 
1147 -0.00328936381266 0.000823942711577 0.0 
1148 -0.00332583067939 0.000661548867356 0.0 
1149 -0.00335428514518 0.000497561180964 0.0 
1150 -0.00337465899065 0.000332374882419 0.0 
1151 -0.00338690285571 0.000166387864738 0.0 
1152 -0.00339098740369 1.33501853689e-20 0.0 
1153 -0.00336073199287 -0.000165102173924 0.0 
1154 -0.00334858288988 -0.0003298066149 0.0 
1155 -0.00332836643793 -0.000493716506753 0.0 
1156 -0.00330013176426 -0.000656437012367 0.0 
1157 -0.00326394685544 -0.000817576132249 0.0 
1158 -0.00321989855729 -0.000976745621301 0.0 
1159 -0.00316809350625 -0.00113356194925 0.0 
1160 -0.00310865603387 -0.00128764752299 0.0 
1161 -0.00304172979668 -0.00143863097765 0.0 
1162 -0.00296747568063 -0.00158614874817 0.0 
1163 -0.00288607249968 -0.00172984530218 0.0 
1164 -0.00279771653004 -0.00186937453691 0.0 
1165 -0.00270262081176 -0.0020044001285 0.0 
1166 -0.00260101398453 -0.00213459716178 0.0 
1167 -0.00249314145185 -0.00225965166464 0.0 
1168 -0.00237926235422 -0.00237926235422 0.0 
1169 -0.00225965166464 -0.00249314145185 0.0 
1170 -0.00213459716178 -0.00260101398453 0.0 
1171 -0.0020044001285 -0.00270262081176 0.0 
1172 -0.00186937453691 -0.00279771653004 0.0 
1173 -0.00172984530218 -0.00288607249968 0.0 
1174 -0.00158614874817 -0.00296747568063 0.0 
1175 -0.00143863097765 -0.00304172979668 0.0 
1176 -0.00128764752299 -0.00310865603387 0.0 
1177 -0.00113356194925 -0.00316809350625 0.0 
1178 -0.000976745621301 -0.00321989855729 0.0 
1179 -0.000817576132249 -0.00326394685544 0.0 
1180 -0.000656437012367 -0.00330013176426 0.0 
1181 -0.000493716506753 -0.00332836643793 0.0 
1182 -0.0003298066149 -0.00334858288988 0.0 
1183 -0.000165102173924 -0.00336073199287 0.0 
1184 2.45263386048e-17 -0.00336478510872 0.0 
1185 0.000165102173924 -0.00336073199287 0.0 
1186 0.0003298066149 -0.00334858288988 0.0 
1187 0.000493716506753 -0.00332836643793 0.0 
1188 0.000656437012367 -0.00330013176426 0.0 
1189 0.000817576132249 -0.00326394685544 0.0 
1190 0.000976745621301 -0.00321989855729 0.0 
1191 0.00113356194925 -0.00316809350625 0.0 
1192 0.00128764752299 -0.00310865603387 0.0 
1193 0.00143863097765 -0.00304172979668 0.0 
1194 0.00158614874817 -0.00296747568063 0.0 
1195 0.00172984530218 -0.00288607249968 0.0 
1196 0.00186937453691 -0.00279771653004 0.0 
1197 0.0020044001285 -0.00270262081176 0.0 
1198 0.00213459716178 -0.00260101398453 0.0 
1199 0.00225965166464 -0.00249314145185 0.0 
1200 0.00237926235422 -0.00237926235422 0.0 
1201 0.00249314145185 -0.00225965166464 0.0 
1202 0.00260101398453 -0.00213459716178 0.0 
1203 0.00270262081176 -0.0020044001285 0.0 
1204 0.00279771653004 -0.00186937453691 0.0 
1205 0.00288607249968 -0.00172984530218 0.0 
1206 0.00296747568063 -0.00158614874817 0.0 
1207 0.00304172979668 -0.00143863097765 0.0 
1208 0.00310865603387 -0.00128764752299 0.0 
1209 0.00316809350625 -0.00113356194925 0.0 
1210 0.00321989855729 -0.000976745621301 0.0 
1211 0.00326394685544 -0.000817576132249 0.0 
1212 0.00330013176426 -0.000656437012367 0.0 
1213 0.00332836643793 -0.000493716506753 0.0 
1214 0.00334858288988 -0.0003298066149 0.0 
1215 0.00336073199287 -0.000165102173924 0.0 
1216 0.00336478510872 7.8833910612e-18 0.0 
1217 0.00336073199287 0.000165102173924 0.0 
1218 0.00334858288988 0.0003298066149 0.0 
1219 0.00332836643793 0.000493716506753 0.0 
1220 0.00330013176426 0.000656437012367 0.0 
1221 0.00326394685544 0.000817576132249 0.0 
1222 0.00321989855729 0.000976745621301 0.0 
1223 0.00316809350625 0.00113356194925 0.0 
1224 0.00310865603387 0.00128764752299 0.0 
1225 0.00304172979668 0.00143863097765 0.0 
1226 0.00296747568063 0.00158614874817 0.0 
1227 0.00288607249968 0.00172984530218 0.0 
1228 0.00279771653004 0.00186937453691 0.0 
1229 0.00270262081176 0.0020044001285 0.0 
1230 0.00260101398453 0.00213459716178 0.0 
1231 0.00249314145185 0.00225965166464 0.0 
1232 0.00237926235422 0.00237926235422 0.0 
1233 0.00225965166464 0.00249314145185 0.0 
1234 0.00213459716178 0.00260101398453 0.0 
1235 0.0020044001285 0.00270262081176 0.0 
1236 0.00186937453691 0.00279771653004 0.0 
1237 0.00172984530218 0.00288607249968 0.0 
1238 0.00158614874817 0.00296747568063 0.0 
1239 0.00143863097765 0.00304172979668 0.0 
1240 0.00128764752299 0.00310865603387 0.0 
1241 0.00113356194925 0.00316809350625 0.0 
1242 0.000976745621301 0.00321989855729 0.0 
1243 0.000817576132249 0.00326394685544 0.0 
1244 0.000656437012367 0.00330013176426 0.0 
1245 0.000493716506753 0.00332836643793 0.0 
1246 0.0003298066149 0.00334858288988 0.0 
1247 0.000165102173924 0.00336073199287 0.0 
1248 3.52962847742e-18 0.00336478510872 0.0 
1249 -0.000165102173924 0.00336073199287 0.0 
1250 -0.0003298066149 0.00334858288988 0.0 
1251 -0.000493716506753 0.00332836643793 0.0 
1252 -0.000656437012367 0.00330013176426 0.0 
1253 -0.000817576132249 0.00326394685544 0.0 
1254 -0.000976745621301 0.00321989855729 0.0 
1255 -0.00113356194925 0.00316809350625 0.0 
1256 -0.00128764752299 0.00310865603387 0.0 
1257 -0.00143863097765 0.00304172979668 0.0 
1258 -0.00158614874817 0.00296747568063 0.0 
1259 -0.00172984530218 0.00288607249968 0.0 
1260 -0.00186937453691 0.00279771653004 0.0 
1261 -0.0020044001285 0.00270262081176 0.0 
1262 -0.00213459716178 0.00260101398453 0.0 
1263 -0.00225965166464 0.00249314145185 0.0 
1264 -0.00237926235422 0.00237926235422 0.0 
1265 -0.00249314145185 0.00225965166464 0.0 
1266 -0.00260101398453 0.00213459716178 0.0 
1267 -0.00270262081176 0.0020044001285 0.0 
1268 -0.00279771653004 0.00186937453691 0.0 
1269 -0.00288607249968 0.00172984530218 0.0 
1270 -0.00296747568063 0.00158614874817 0.0 
1271 -0.00304172979668 0.00143863097765 0.0 
1272 -0.00310865603387 0.00128764752299 0.0 
1273 -0.00316809350625 0.00113356194925 0.0 
1274 -0.00321989855729 0.000976745621301 0.0 
1275 -0.00326394685544 0.000817576132249 0.0 
1276 -0.00330013176426 0.000656437012367 0.0 
1277 -0.00332836643793 0.000493716506753 0.0 
1278 -0.00334858288988 0.0003298066149 0.0 
1279 -0.00336073199287 0.000165102173924 0.0 
1280 -0.00336478510872 1.65590411082e-20 0.0 
1281 -0.00333063583821 -0.000163623641129 0.0 
1282 -0.0033185952343 -0.000326853099978 0.0 
1283 -0.00329855992459 -0.000489295169245 0.0 
1284 -0.003270578105 -0.000650558446068 0.0 
1285 -0.00323471729644 -0.000810254481621 0.0 
1286 -0.0031910634134 -0.000967998523265 0.0 
1287 -0.00313972239383 -0.0011234106496 0.0 
1288 -0.0030808171723 -0.00127611635253 0.0 
1289 -0.00301449024118 -0.00142574764322 0.0 
1290 -0.00294090108946 -0.00157194433268 0.0 
1291 -0.00286022690125 -0.00171435403172 0.0 
1292 -0.00277266209014 -0.00185263366438 0.0 
1293 -0.00267841806635 -0.00198645028286 0.0 
1294 -0.00257772137411 -0.00211548130028 0.0 
1295 -0.00247081439011 -0.00223941588774 0.0 
1296 -0.00235795532353 -0.00235795532353 0.0 
1297 -0.00223941588774 -0.00247081439011 0.0 
1298 -0.00211548130028 -0.00257772137411 0.0 
1299 -0.00198645028286 -0.00267841806635 0.0 
1300 -0.00185263366438 -0.00277266209014 0.0 
1301 -0.00171435403172 -0.00286022690125 0.0 
1302 -0.00157194433268 -0.00294090108946 0.0 
1303 -0.00142574764322 -0.00301449024118 0.0 
1304 -0.00127611635253 -0.0030808171723 0.0 
1305 -0.0011234106496 -0.00313972239383 0.0 
1306 -0.000967998523265 -0.0031910634134 0.0 
1307 -0.000810254481621 -0.00323471729644 0.0 
1308 -0.000650558446068 -0.003270578105 0.0 
1309 -0.000489295169245 -0.00329855992459 0.0 
1310 -0.000326853099978 -0.0033185952343 0.0 
1311 -0.000163623641129 -0.00333063583821 0.0 
1312 2.43066973368e-17 -0.00333465239964 0.0 
1313 0.000163623641129 -0.00333063583821 0.0 
1314 0.000326853099978 -0.0033185952343 0.0 
1315 0.000489295169245 -0.00329855992459 0.0 
1316 0.000650558446068 -0.003270578105 0.0 
1317 0.000810254481621 -0.00323471729644 0.0 
1318 0.000967998523265 -0.0031910634134 0.0 
1319 0.0011234106496 -0.00313972239383 0.0 
1320 0.00127611635253 -0.0030808171723 0.0 
1321 0.00142574764322 -0.00301449024118 0.0 
1322 0.00157194433268 -0.00294090108946 0.0 
1323 0.00171435403172 -0.00286022690125 0.0 
1324 0.00185263366438 -0.00277266209014 0.0 
1325 0.00198645028286 -0.00267841806635 0.0 
1326 0.00211548130028 -0.00257772137411 0.0 
1327 0.00223941588774 -0.00247081439011 0.0 
1328 0.00235795532353 -0.00235795532353 0.0 
1329 0.00247081439011 -0.00223941588774 0.0 
1330 0.00257772137411 -0.00211548130028 0.0 
1331 0.00267841806635 -0.00198645028286 0.0 
1332 0.00277266209014 -0.00185263366438 0.0 
1333 0.00286022690125 -0.00171435403172 0.0 
1334 0.00294090108946 -0.00157194433268 0.0 
1335 0.00301449024118 -0.00142574764322 0.0 
1336 0.0030808171723 -0.00127611635253 0.0 
1337 0.00313972239383 -0.0011234106496 0.0 
1338 0.0031910634134 -0.000967998523265 0.0 
1339 0.00323471729644 -0.000810254481621 0.0 
1340 0.003270578105 -0.000650558446068 0.0 
1341 0.00329855992459 -0.000489295169245 0.0 
1342 0.0033185952343 -0.000326853099978 0.0 
1343 0.00333063583821 -0.000163623641129 0.0 
1344 0.00333465239964 7.81279285028e-18 0.0 
1345 0.00333063583821 0.000163623641129 0.0 
1346 0.0033185952343 0.000326853099978 0.0 
1347 0.00329855992459 0.000489295169245 0.0 
1348 0.003270578105 0.000650558446068 0.0 
1349 0.00323471729644 0.000810254481621 0.0 
1350 0.0031910634134 0.000967998523265 0.0 
1351 0.00313972239383 0.0011234106496 0.0 
1352 0.0030808171723 0.00127611635253 0.0 
1353 0.00301449024118 0.00142574764322 0.0 
1354 0.00294090108946 0.00157194433268 0.0 
1355 0.00286022690125 0.00171435403172 0.0 
1356 0.00277266209014 0.00185263366438 0.0 
1357 0.00267841806635 0.00198645028286 0.0 
1358 0.00257772137411 0.00211548130028 0.0 
1359 0.00247081439011 0.00223941588774 0.0 
1360 0.00235795532353 0.00235795532353 0.0 
1361 0.00223941588774 0.00247081439011 0.0 
1362 0.00211548130028 0.00257772137411 0.0 
1363 0.00198645028286 0.00267841806635 0.0 
1364 0.00185263366438 0.00277266209014 0.0 
1365 0.00171435403172 0.00286022690125 0.0 
1366 0.00157194433268 0.00294090108946 0.0 
1367 0.00142574764322 0.00301449024118 0.0 
1368 0.00127611635253 0.0030808171723 0.0 
1369 0.0011234106496 0.00313972239383 0.0 
1370 0.000967998523265 0.0031910634134 0.0 
1371 0.000810254481621 0.00323471729644 0.0 
1372 0.000650558446068 0.003270578105 0.0 
1373 0.000489295169245 0.00329855992459 0.0 
1374 0.000326853099978 0.0033185952343 0.0 
1375 0.000163623641129 0.00333063583821 0.0 
1376 3.49801942467e-18 0.00333465239964 0.0 
1377 -0.000163623641129 0.00333063583821 0.0 
1378 -0.000326853099978 0.0033185952343 0.0 
1379 -0.000489295169245 0.00329855992459 0.0 
1380 -0.000650558446068 0.003270578105 0.0 
1381 -0.000810254481621 0.00323471729644 0.0 
1382 -0.000967998523265 0.0031910634134 0.0 
1383 -0.0011234106496 0.00313972239383 0.0 
1384 -0.00127611635253 0.0030808171723 0.0 
1385 -0.00142574764322 0.00301449024118 0.0 
1386 -0.00157194433268 0.00294090108946 0.0 
1387 -0.00171435403172 0.00286022690125 0.0 
1388 -0.00185263366438 0.00277266209014 0.0 
1389 -0.00198645028286 0.00267841806635 0.0 
1390 -0.00211548130028 0.00257772137411 0.0 
1391 -0.00223941588774 0.00247081439011 0.0 
1392 -0.00235795532353 0.00235795532353 0.0 
1393 -0.00247081439011 0.00223941588774 0.0 
1394 -0.00257772137411 0.00211548130028 0.0 
1395 -0.00267841806635 0.00198645028286 0.0 
1396 -0.00277266209014 0.00185263366438 0.0 
1397 -0.00286022690125 0.00171435403172 0.0 
1398 -0.00294090108946 0.00157194433268 0.0 
1399 -0.00301449024118 0.00142574764322 0.0 
1400 -0.0030808171723 0.00127611635253 0.0 
1401 -0.00313972239383 0.0011234106496 0.0 
1402 -0.0031910634134 0.000967998523265 0.0 
1403 -0.00323471729644 0.000810254481621 0.0 
1404 -0.003270578105 0.000650558446068 0.0 
1405 -0.00329855992459 0.000489295169245 0.0 
1406 -0.0033185952343 0.000326853099978 0.0 
1407 -0.00333063583821 0.000163623641129 0.0 
1408 -0.00333465239964 2.02492246833e-20 0.0 
1409 -0.00329602509737 -0.000161923337146 0.0 
1410 -0.00328410952352 -0.000323456566548 0.0 
1411 -0.00326428259723 -0.000484210584546 0.0 
1412 -0.00323659135029 -0.000643798033707 0.0 
1413 -0.00320110307075 -0.000801834568847 0.0 
1414 -0.00315790320747 -0.000957939424552 0.0 
1415 -0.00310709537007 -0.00111173652112 0.0 
1416 -0.00304880249314 -0.00126285525039 0.0 
1417 -0.00298316474073 -0.00141093181446 0.0 
1418 -0.00291034020483 -0.00155560916755 0.0 
1419 -0.00283050443977 -0.00169653911144 0.0 
1420 -0.00274384976365 -0.00183338182978 0.0 
1421 -0.00265058479272 -0.00196580775082 0.0 
1422 -0.00255093444139 -0.00209349789657 0.0 
1423 -0.00244513875805 -0.00221614469774 0.0 
1424 -0.00233345245942 -0.00233345245942 0.0 
1425 -0.00221614469774 -0.00244513875805 0.0 
1426 -0.00209349789657 -0.00255093444139 0.0 
1427 -0.00196580775082 -0.00265058479272 0.0 
1428 -0.00183338182978 -0.00274384976365 0.0 
1429 -0.00169653911144 -0.00283050443977 0.0 
1430 -0.00155560916755 -0.00291034020483 0.0 
1431 -0.00141093181446 -0.00298316474073 0.0 
1432 -0.00126285525039 -0.00304880249314 0.0 
1433 -0.00111173652112 -0.00310709537007 0.0 
1434 -0.000957939424552 -0.00315790320747 0.0 
1435 -0.000801834568847 -0.00320110307075 0.0 
1436 -0.000643798033707 -0.00323659135029 0.0 
1437 -0.000484210584546 -0.00326428259723 0.0 
1438 -0.000323456566548 -0.00328410952352 0.0 
1439 -0.000161923337146 -0.00329602509737 0.0 
1440 2.40541094649e-17 -0.00329999998212 0.0 
1441 0.000161923337146 -0.00329602509737 0.0 
1442 0.000323456566548 -0.00328410952352 0.0 
1443 0.000484210584546 -0.00326428259723 0.0 
1444 0.000643798033707 -0.00323659135029 0.0 
1445 0.000801834568847 -0.00320110307075 0.0 
1446 0.000957939424552 -0.00315790320747 0.0 
1447 0.00111173652112 -0.00310709537007 0.0 
1448 0.00126285525039 -0.00304880249314 0.0 
1449 0.00141093181446 -0.00298316474073 0.0 
1450 0.00155560916755 -0.00291034020483 0.0 
1451 0.00169653911144 -0.00283050443977 0.0 
1452 0.00183338182978 -0.00274384976365 0.0 
1453 0.00196580775082 -0.00265058479272 0.0 
1454 0.00209349789657 -0.00255093444139 0.0 
1455 0.00221614469774 -0.00244513875805 0.0 
1456 0.00233345245942 -0.00233345245942 0.0 
1457 0.00244513875805 -0.00221614469774 0.0 
1458 0.00255093444139 -0.00209349789657 0.0 
1459 0.00265058479272 -0.00196580775082 0.0 
1460 0.00274384976365 -0.00183338182978 0.0 
1461 0.00283050443977 -0.00169653911144 0.0 
1462 0.00291034020483 -0.00155560916755 0.0 
1463 0.00298316474073 -0.00141093181446 0.0 
1464 0.00304880249314 -0.00126285525039 0.0 
1465 0.00310709537007 -0.00111173652112 0.0 
1466 0.00315790320747 -0.000957939424552 0.0 
1467 0.00320110307075 -0.000801834568847 0.0 
1468 0.00323659135029 -0.000643798033707 0.0 
1469 0.00326428259723 -0.000484210584546 0.0 
1470 0.00328410952352 -0.000323456566548 0.0 
1471 0.00329602509737 -0.000161923337146 0.0 
1472 0.00329999998212 7.73160507315e-18 0.0 
1473 0.00329602509737 0.000161923337146 0.0 
1474 0.00328410952352 0.000323456566548 0.0 
1475 0.00326428259723 0.000484210584546 0.0 
1476 0.00323659135029 0.000643798033707 0.0 
1477 0.00320110307075 0.000801834568847 0.0 
1478 0.00315790320747 0.000957939424552 0.0 
1479 0.00310709537007 0.00111173652112 0.0 
1480 0.00304880249314 0.00126285525039 0.0 
1481 0.00298316474073 0.00141093181446 0.0 
1482 0.00291034020483 0.00155560916755 0.0 
1483 0.00283050443977 0.00169653911144 0.0 
1484 0.00274384976365 0.00183338182978 0.0 
1485 0.00265058479272 0.00196580775082 0.0 
1486 0.00255093444139 0.00209349789657 0.0 
1487 0.00244513875805 0.00221614469774 0.0 
1488 0.00233345245942 0.00233345245942 0.0 
1489 0.00221614469774 0.00244513875805 0.0 
1490 0.00209349789657 0.00255093444139 0.0 
1491 0.00196580775082 0.00265058479272 0.0 
1492 0.00183338182978 0.00274384976365 0.0 
1493 0.00169653911144 0.00283050443977 0.0 
1494 0.00155560916755 0.00291034020483 0.0 
1495 0.00141093181446 0.00298316474073 0.0 
1496 0.00126285525039 0.00304880249314 0.0 
1497 0.00111173652112 0.00310709537007 0.0 
1498 0.000957939424552 0.00315790320747 0.0 
1499 0.000801834568847 0.00320110307075 0.0 
1500 0.000643798033707 0.00323659135029 0.0 
1501 0.000484210584546 0.00326428259723 0.0 
1502 0.000323456566548 0.00328410952352 0.0 
1503 0.000161923337146 0.00329602509737 0.0 
1504 3.46166938624e-18 0.00329999998212 0.0 
1505 -0.000161923337146 0.00329602509737 0.0 
1506 -0.000323456566548 0.00328410952352 0.0 
1507 -0.000484210584546 0.00326428259723 0.0 
1508 -0.000643798033707 0.00323659135029 0.0 
1509 -0.000801834568847 0.00320110307075 0.0 
1510 -0.000957939424552 0.00315790320747 0.0 
1511 -0.00111173652112 0.00310709537007 0.0 
1512 -0.00126285525039 0.00304880249314 0.0 
1513 -0.00141093181446 0.00298316474073 0.0 
1514 -0.00155560916755 0.00291034020483 0.0 
1515 -0.00169653911144 0.00283050443977 0.0 
1516 -0.00183338182978 0.00274384976365 0.0 
1517 -0.00196580775082 0.00265058479272 0.0 
1518 -0.00209349789657 0.00255093444139 0.0 
1519 -0.00221614469774 0.00244513875805 0.0 
1520 -0.00233345245942 0.00233345245942 0.0 
1521 -0.00244513875805 0.00221614469774 0.0 
1522 -0.00255093444139 0.00209349789657 0.0 
1523 -0.00265058479272 0.00196580775082 0.0 
1524 -0.00274384976365 0.00183338182978 0.0 
1525 -0.00283050443977 0.00169653911144 0.0 
1526 -0.00291034020483 0.00155560916755 0.0 
1527 -0.00298316474073 0.00141093181446 0.0 
1528 -0.00304880249314 0.00126285525039 0.0 
1529 -0.00310709537007 0.00111173652112 0.0 
1530 -0.00315790320747 0.000957939424552 0.0 
1531 -0.00320110307075 0.000801834568847 0.0 
1532 -0.00323659135029 0.000643798033707 0.0 
1533 -0.00326428259723 0.000484210584546 0.0 
1534 -0.00328410952352 0.000323456566548 0.0 
1535 -0.00329602509737 0.000161923337146 0.0 
1536 -0.00329999998212 2.44929358756e-20 0.0 
1537 -0.00316425343044 -0.00041772404802 0.0 
1538 -0.00311579974368 -0.00053544214461 0.0 
1539 -0.00303877238184 -0.000834086327814 0.0 
1540 -0.00293683679774 -0.00112754607107 0.0 
1541 -0.00281196390279 -0.00141632277519 0.0 
1542 -0.00266515440308 -0.00168618792668 0.0 
1543 -0.00249002338387 -0.0019411991816 0.0 
1544 -0.00227802898735 -0.0021692130249 0.0 
1545 -0.00204431731254 -0.00236912001856 0.0 
1546 -0.00179973954801 -0.00257848156616 0.0 
1547 -0.00155486154836 -0.002714776434 0.0 
1548 -0.00128265796229 -0.00287528149784 0.0 
1549 -0.000978954369202 -0.00296405819245 0.0 
1550 -0.000676203635521 -0.00304667046294 0.0 
1551 -0.000375233154045 -0.00311851338483 0.0 
1552 -7.67314850236e-05 -0.00314297410659 0.0 
1553 0.000227126874961 -0.00312734092586 0.0 
1554 0.000538162130397 -0.00310744298622 0.0 
1555 0.000837738625705 -0.00304249487817 0.0 
1556 0.00112200644799 -0.00293415226042 0.0 
1557 0.00140106293838 -0.0027943032328 0.0 
1558 0.0016763031017 -0.00265298644081 0.0 
1559 0.00193849008065 -0.0024905432947 0.0 
1560 0.00214973511174 -0.00226382259279 0.0 
1561 0.00237124599516 -0.00204565329477 0.0 
1562 0.00254673766904 -0.00179415859748 0.0 
1563 0.0027237564791 -0.00153810111806 0.0 
1564 0.00288715679199 -0.0012822666904 0.0 
1565 0.00296732760035 -0.000975618197117 0.0 
1566 0.0030531338416 -0.000678177922964 0.0 
1567 0.00309323030524 -0.000372489419533 0.0 
1568 0.00317302159965 0.000227802927839 0.0 
1569 0.00311502721161 0.000380045326892 0.0 
1570 0.00304885860533 0.000694445858244 0.0 
1571 0.00299404445104 0.000998143805191 0.0 
1572 0.00289034470916 0.00127760949545 0.0 
1573 0.00274250470102 0.00155697704758 0.0 
1574 0.0025734200608 0.00181203673128 0.0 
1575 0.00237139430828 0.00205043610185 0.0 
1576 0.00216348213144 0.00227512745187 0.0 
1577 0.00193869078066 0.00248840637505 0.0 
1578 0.00168789189775 0.00266726966947 0.0 
1579 0.00141848798376 0.00281473225914 0.0 
1580 0.00111836032011 0.00292948191054 0.0 
1581 0.00084668310592 0.0030551222153 0.0 
1582 0.000547953008208 0.00307851121761 0.0 
1583 0.000229622906772 0.00311379297636 0.0 
1584 -7.6380718383e-05 0.00316238356754 0.0 
1585 -0.00037704812712 0.00311149726622 0.0 
1586 -0.00067819369724 0.0030275254976 0.0 
1587 -0.000988516141661 0.00296263466589 0.0 
1588 -0.00128711224534 0.00285992049612 0.0 
1589 -0.00156242074445 0.00276210531592 0.0 
1590 -0.00178680475801 0.00256456248462 0.0 
1591 -0.00205582147464 0.00238372501917 0.0 
1592 -0.00228619249538 0.00216898857616 0.0 
1593 -0.00249181804247 0.00194429908879 0.0 
1594 -0.00267621898092 0.00169688265305 0.0 
1595 -0.00280024576932 0.00141050806269 0.0 
1596 -0.00290798349306 0.00111848814413 0.0 
1597 -0.00303726946004 0.000833189988043 0.0 
1598 -0.00310156913474 0.00053104449762 0.0 
1599 -0.00256188190542 7.44420685805e-05 0.0 
1600 -0.00256189191714 0.000178454240086 0.0 
1601 -0.00256622070447 0.000300972780678 0.0 
1602 -0.0025599389337 0.000421957316576 0.0 
1603 -0.00254751462489 0.000564507790841 0.0 
1604 -0.00248950812966 0.000821345427539 0.0 
1605 -0.00240016891621 0.00106194475666 0.0 
1606 -0.00228361180052 0.00130062620156 0.0 
1607 -0.00212523411028 0.00150867935736 0.0 
1608 -0.00197488837875 0.00170175975654 0.0 
1609 -0.00180382234976 0.00189012894407 0.0 
1610 -0.00161491206381 0.0020622801967 0.0 
1611 -0.00141260435339 0.0022268621251 0.0 
1612 -0.00117888301611 0.00234718830325 0.0 
1613 -0.000944180996157 0.00245180283673 0.0 
1614 -0.0007011310081 0.00252271373756 0.0 
1615 -0.000452795997262 0.0025905771181 0.0 
1616 -0.000203573174076 0.00261620129459 0.0 
1617 6.17322875769e-05 0.00262620579451 0.0 
1618 0.000318860082189 0.00260342238471 0.0 
1619 0.000570830714423 0.00257358350791 0.0 
1620 0.000822492060252 0.00249284203164 0.0 
1621 0.00105997791979 0.00238647055812 0.0 
1622 0.00128961529117 0.00227323989384 0.0 
1623 0.00150533893611 0.00213691918179 0.0 
1624 0.00172406958882 0.001986193005 0.0 
1625 0.00190728146117 0.00180005130824 0.0 
1626 0.00206306856126 0.00160853751004 0.0 
1627 0.00220834906213 0.00139772996772 0.0 
1628 0.00233786227182 0.00117090472486 0.0 
1629 0.00244101672433 0.000943923194427 0.0 
1630 0.00254264986143 0.000697121606208 0.0 
1631 0.0025563982781 0.000432965782238 0.0 
1632 0.00257105729543 0.000296286918456 0.0 
1633 0.00256630615331 0.00017275022401 0.0 
1634 0.00256703910418 5.81584063184e-05 0.0 
1635 0.0025632281322 -0.000201732575078 0.0 
1636 0.0025611014571 -0.00031053260318 0.0 
1637 0.00258013862185 -0.000434662768384 0.0 
1638 0.00252453470603 -0.000702430785168 0.0 
1639 0.00244666845538 -0.000947973574512 0.0 
1640 0.00233943294734 -0.00118122785352 0.0 
1641 0.00221375236288 -0.00140102033038 0.0 
1642 0.00208226358518 -0.00162359594833 0.0 
1643 0.00190104008652 -0.00181457353756 0.0 
1644 0.00170976400841 -0.00198305305094 0.0 
1645 0.00150905456394 -0.00213335710578 0.0 
1646 0.0013052651193 -0.00227750930935 0.0 
1647 0.0010829399107 -0.00240969844162 0.0 
1648 0.000830181816127 -0.0024996038992 0.0 
1649 0.000574040808715 -0.00255359522998 0.0 
1650 0.000322534004226 -0.00259532639757 0.0 
1651 6.6671273089e-05 -0.00262918579392 0.0 
1652 -0.000200237700483 -0.00264295632951 0.0 
1653 -0.000461221730802 -0.00258544110693 0.0 
1654 -0.000702109246049 -0.00252471328713 0.0 
1655 -0.000943951425143 -0.00244484306313 0.0 
1656 -0.00118289294187 -0.00234169466421 0.0 
1657 -0.00139965885319 -0.00220532016829 0.0 
1658 -0.00160429626703 -0.00205683545209 0.0 
1659 -0.00180736614857 -0.00190421123989 0.0 
1660 -0.00197953893803 -0.00170895294286 0.0 
1661 -0.00213739695027 -0.00149976485409 0.0 
1662 -0.00227502104826 -0.00128857709933 0.0 
1663 -0.00239130435511 -0.00106125196908 0.0 
1664 -0.00248399213888 -0.000816600397229 0.0 
1665 -0.00255016959272 -0.000553598802071 0.0 
1666 -0.00255440082401 -0.000295969337458 0.0 
1667 -0.00255505740643 -0.000180478833499 0.0 
1668 -0.00323434220627 -7.26620346541e-05 0.0 
1669 -0.00321324169636 -0.000222632894292 0.0 
1670 -0.00307623669505 -0.000684133148752 0.0 
1671 -0.00299198902212 -0.000985461869277 0.0 
1672 -0.00287512294017 -0.00127053924371 0.0 
1673 -0.00274320016615 -0.00155236932915 0.0 
1674 -0.0025817330461 -0.00181549298577 0.0 
1675 -0.00239092623815 -0.00206201244146 0.0 
1676 -0.00216178689152 -0.00226934300736 0.0 
1677 -0.00192521291319 -0.00247925147414 0.0 
1678 -0.00169735134114 -0.00267940480262 0.0 
1679 -0.00141366606113 -0.00278968294151 0.0 
1680 -0.00113524671178 -0.00293467123993 0.0 
1681 -0.000829632394016 -0.00300040142611 0.0 
1682 -0.000526701915078 -0.00308702234179 0.0 
1683 -0.000229159224546 -0.00314106279984 0.0 
1684 7.325255865e-05 -0.00312853441574 0.0 
1685 0.000385923602153 -0.00312638096511 0.0 
1686 0.00068984599784 -0.00307769700885 0.0 
1687 0.000978496507742 -0.00299035268836 0.0 
1688 0.00126034405548 -0.00286517548375 0.0 
1689 0.00153521564789 -0.00272464659065 0.0 
1690 0.00181293475907 -0.0025732757058 0.0 
1691 0.00205045519397 -0.002387635177 0.0 
1692 0.00226011569612 -0.00215203920379 0.0 
1693 0.00246977969073 -0.00192524422891 0.0 
1694 0.00262725143693 -0.00166346342303 0.0 
1695 0.00281581724994 -0.00141539808828 0.0 
1696 0.00293189869262 -0.00113016029354 0.0 
1697 0.00300780218095 -0.000826244940981 0.0 
1698 0.00308875413612 -0.000523772207089 0.0 
1699 0.00317977648228 0.000122254583403 0.0 
1700 0.00321028707549 -0.000208189434488 0.0 
1701 0.00321689038537 -8.84714099811e-05 0.0 
1702 0.00320973759517 2.78496790997e-05 0.0 
1703 0.00307991378941 0.000541939516552 0.0 
1704 0.00302108703181 0.000851967255585 0.0 
1705 0.00295019126497 0.00113846210297 0.0 
1706 0.00282166758552 0.00141707027797 0.0 
1707 0.00266246357933 0.00168809224851 0.0 
1708 0.00247773248702 0.00193413463421 0.0 
1709 0.00226623355411 0.00216215872206 0.0 
1710 0.00205384474248 0.00238462956622 0.0 
1711 0.00181776832324 0.00257946271449 0.0 
1712 0.00155513908248 0.00274469680153 0.0 
1713 0.00127176591195 0.00287887151353 0.0 
1714 0.000969553366303 0.00298427185044 0.0 
1715 0.000705253973138 0.00305890105665 0.0 
1716 0.000389616499888 0.00309285684489 0.0 
1717 7.81660128268e-05 0.00314383488148 0.0 
1718 -0.000232243546634 0.00314922095276 0.0 
1719 -0.000522475398611 0.00307561270893 0.0 
1720 -0.000834928418044 0.00299551454373 0.0 
1721 -0.00114094163291 0.00292108999565 0.0 
1722 -0.0014232872054 0.00279796589166 0.0 
1723 -0.0016644456191 0.00266164168715 0.0 
1724 -0.0019196299836 0.00247617298737 0.0 
1725 -0.00217470037751 0.002280150773 0.0 
1726 -0.00239688809961 0.00205915584229 0.0 
1727 -0.00257974024862 0.00181866646744 0.0 
1728 -0.00274964259006 0.00155898334924 0.0 
1729 -0.00284829875454 0.00126145523973 0.0 
1730 -0.0029849850107 0.000979796051979 0.0 
1731 -0.00306661101058 0.00068312388612 0.0 
1732 -0.00257027684711 -4.23357232648e-06 0.0 
1733 -0.00313904834911 0.000396329240175 0.0 
1734 -0.00322477845475 0.000226007934543 0.0 
1735 -0.00251759937964 0.000688504078425 0.0 
1736 -0.00245099165477 0.000936057942454 0.0 
1737 -0.00234861881472 0.00118483288679 0.0 
1738 -0.00220469920896 0.00140180857852 0.0 
1739 -0.00205216859467 0.00160182302352 0.0 
1740 -0.00189727277029 0.00179808901157 0.0 
1741 -0.00170940067619 0.00197678431869 0.0 
1742 -0.00151619000826 0.00214757537469 0.0 
1743 -0.00130191701464 0.00228954129852 0.0 
1744 -0.0010639433749 0.00239712675102 0.0 
1745 -0.0008253120468 0.00249547022395 0.0 
1746 -0.000575950602069 0.00255619757809 0.0 
1747 -0.000331341783749 0.00261438335292 0.0 
1748 -6.61081940052e-05 0.00261669699103 0.0 
1749 0.000190171063878 0.00261598825455 0.0 
1750 0.000444173347205 0.00259472825564 0.0 
1751 0.000699615571648 0.0025407159701 0.0 
1752 0.00094134133542 0.00244119530544 0.0 
1753 0.00117852259427 0.0023358752951 0.0 
1754 0.00140082358848 0.00220673601143 0.0 
1755 0.00161535094958 0.00205940357409 0.0 
1756 0.00182936084457 0.0019035768928 0.0 
1757 0.00198259623721 0.00170213589445 0.0 
1758 0.0021375734359 0.00150366034359 0.0 
1759 0.00227437936701 0.00128903845325 0.0 
1760 0.00239351368509 0.00105646532029 0.0 
1761 0.00249533541501 0.00082264537923 0.0 
1762 0.00256741070189 0.000569324532989 0.0 
1763 0.00257822195999 -0.00011777466716 0.0 
1764 0.00256881513633 -3.80252931791e-05 0.0 
1765 0.00254935421981 -0.00057539565023 0.0 
1766 0.00249029020779 -0.000824331655167 0.0 
1767 0.00239022215828 -0.00106591812801 0.0 
1768 0.00228796619922 -0.0012989154784 0.0 
1769 0.00214722077362 -0.00150971522089 0.0 
1770 0.00199523940682 -0.00172732351348 0.0 
1771 0.0018047116464 -0.00190366967581 0.0 
1772 0.00160674657673 -0.00205739447847 0.0 
1773 0.00140850502066 -0.0022011611145 0.0 
1774 0.00120273046196 -0.00235128542408 0.0 
1775 0.000956354604568 -0.00246305717155 0.0 
1776 0.000699113530573 -0.00252733379602 0.0 
1777 0.000448765116744 -0.00257377047092 0.0 
1778 0.000198117384571 -0.00261326879263 0.0 
1779 -6.57890923321e-05 -0.00264558847994 0.0 
1780 -0.000328958354658 -0.0026118310634 0.0 
1781 -0.000584026740398 -0.00256239390001 0.0 
1782 -0.000826838426292 -0.00248885364272 0.0 
1783 -0.00106860767119 -0.0023928238079 0.0 
1784 -0.00129838672001 -0.00227719219401 0.0 
1785 -0.0015011895448 -0.00212924159132 0.0 
1786 -0.00170711881947 -0.00198296876624 0.0 
1787 -0.00189553643577 -0.00181556621101 0.0 
1788 -0.00205929996446 -0.00160520884674 0.0 
1789 -0.00220880820416 -0.00139794149436 0.0 
1790 -0.00233582640067 -0.00117438880261 0.0 
1791 -0.00244145048782 -0.000937828153837 0.0 
1792 -0.00252276449464 -0.000684303580783 0.0 
1793 -0.0025605794508 -0.00041042859084 0.0 
1794 -0.00321642658673 -4.75259366794e-06 0.0 
1795 -0.002558730077 -7.9091580119e-05 0.0 
1796 -0.00261838268489 -0.000130404325319 0.0 
1797 -0.00318222120404 -0.000135158887133 0.0 
1798 -0.00315478839912 -0.000310921255732 0.0 
1799 0.00313538778573 -0.000142787524965 0.0 
1800 -0.00320884678513 0.000152353502926 0.0 
1801 0.00284661911428 0.000902794941794 0.0 
1802 -0.00277556641959 -0.00114493619185 0.0 
1803 -0.00264751981013 -0.00141321204137 0.0 
1804 -0.00249974499457 -0.00166758475825 0.0 
1805 -0.00233281427063 -0.00190454116091 0.0 
1806 -0.00211219163612 -0.00210860557854 0.0 
1807 -0.00188318069559 -0.00231349887326 0.0 
1808 -0.00160068669356 -0.00251930323429 0.0 
1809 -0.00139936222695 -0.00256742048077 0.0 
1810 -0.00115970114712 -0.00278508686461 0.0 
1811 -0.000849161588121 -0.00278321281075 0.0 
1812 -0.000558591738809 -0.00291329808533 0.0 
1813 -0.000274259975413 -0.00297165988013 0.0 
1814 -1.37054967126e-05 -0.00297226035036 0.0 
1815 0.000296129233902 -0.0029768825043 0.0 
1816 0.000586022390053 -0.00295153819025 0.0 
1817 0.000859809166286 -0.00288638239726 0.0 
1818 0.00111388240475 -0.00275183399208 0.0 
1819 0.00138801848516 -0.00261738244444 0.0 
1820 0.0016619671369 -0.00248904456384 0.0 
1821 0.00190862896852 -0.00234543881379 0.0 
1822 0.00205704616383 -0.00207194080576 0.0 
1823 0.00231263949536 -0.00189857371151 0.0 
1824 0.002417095704 -0.0016115643084 0.0 
1825 0.00263166078366 -0.00137752410956 0.0 
1826 0.00276764924638 -0.00116111431271 0.0 
1827 0.00279796891846 -0.000845070637297 0.0 
1828 0.00293729011901 -0.000557159422897 0.0 
1829 0.0029099972453 0.000421644916059 0.0 
1830 0.00285946344957 0.000750988372602 0.0 
1831 0.00288426480256 0.000593345612288 0.0 
1832 0.00278836255893 0.00114607531577 0.0 
1833 0.00285506341606 0.00103812315501 0.0 
1834 0.00230595516041 0.00189848616719 0.0 
1835 0.00249945581891 0.00167446548585 0.0 
1836 0.00208556326106 0.00209884275682 0.0 
1837 0.00240689888597 0.00178596645128 0.0 
1838 0.00258335261606 0.00155057071242 0.0 
1839 0.00219673546962 0.00200112676248 0.0 
1840 0.00141948263627 0.00265203788877 0.0 
1841 0.00167126359884 0.00249987700954 0.0 
1842 0.00114225700963 0.00276934425347 0.0 
1843 0.00154810317326 0.00257768202573 0.0 
1844 0.00178929627873 0.00241723679937 0.0 
1845 0.00128418044187 0.00271538738161 0.0 
1846 -1.33874837047e-05 0.00301103317179 0.0 
1847 0.000964539707638 0.00278822984546 0.0 
1848 0.000284313224256 0.00289999810047 0.0 
1849 -0.000270584307145 0.00296944007277 0.0 
1850 0.000137973576784 0.00297120213509 0.0 
1851 0.000455193483504 0.00290040951222 0.0 
1852 -0.000145600264659 0.00303186033852 0.0 
1853 -0.00189603993203 0.00230964808725 0.0 
1854 -0.0005497377133 0.00287735811435 0.0 
1855 -0.000875305035152 0.00280158850364 0.0 
1856 -0.00116577453446 0.00275838398375 0.0 
1857 -0.00160348031204 0.00248066941276 0.0 
1858 -0.00212762691081 0.00211259280331 0.0 
1859 -0.00173010420986 0.00237109605223 0.0 
1860 -0.00146584108006 0.00259730755351 0.0 
1861 -0.00201817671768 0.00221611070447 0.0 
1862 -0.00262218969874 -4.59803195554e-05 0.0 
1863 -0.00234529701993 0.00191625754815 0.0 
1864 -0.00250518950634 0.00166894576978 0.0 
1865 -0.00262294430286 0.00143059447873 0.0 
1866 -0.00270300288685 0.00110834150109 0.0 
1867 -0.00289414869621 0.000859101884998 0.0 
1868 -0.00293792760931 0.000561885070056 0.0 
1869 -0.00313947978429 0.000197254063096 0.0 
1870 -0.00265078363009 0.000652066781186 0.0 
1871 -0.00263198115863 0.000122779223602 0.0 
1872 -0.00322633539326 7.33314154786e-05 0.0 
1873 -0.00194239034317 0.00192376435734 0.0 
1874 -0.00251938751899 0.00117448461242 0.0 
1875 -0.00209526857361 0.00171785347629 0.0 
1876 -0.0025466051884 0.00103649694938 0.0 
1877 -0.00203568069264 0.00182183075231 0.0 
1878 -0.00218316540122 0.00163433863781 0.0 
1879 -0.00105160742532 0.00253688055091 0.0 
1880 -0.00131366134156 0.00246198405512 0.0 
1881 -0.000793826475274 0.00265203369781 0.0 
1882 -0.00117858464364 0.00249067088589 0.0 
1883 -0.0014415490441 0.00239004381001 0.0 
1884 -0.000933017814532 0.00262587494217 0.0 
1885 0.000524575938471 0.00273116934113 0.0 
1886 -0.000278536201222 0.00278462353162 0.0 
1887 0.000811555597465 0.00266997888684 0.0 
1888 0.000261349283392 0.0027307709679 0.0 
1889 -0.000422012730269 0.00274846260436 0.0 
1890 0.000387842417695 0.00274203973822 0.0 
1891 0.000136881324579 0.00277913780883 0.0 
1892 0.000670477806125 0.0027154320851 0.0 
1893 0.00227712048218 0.00152275315486 0.0 
1894 0.00129265943542 0.00241057923995 0.0 
1895 0.00271287490614 0.000503222458065 0.0 
1896 0.0017459403025 0.002118766075 0.0 
1897 0.0011738599278 0.00247014802881 0.0 
1898 0.00211537349969 0.00172714644577 0.0 
1899 0.00163267063908 0.00219721416943 0.0 
1900 0.0021987115033 0.00163054675795 0.0 
1901 0.00203209859319 0.00180888245814 0.0 
1902 0.00253679580055 0.00104414462112 0.0 
1903 0.00267782621086 0.000822392350528 0.0 
1904 0.00257680821232 0.000926939304918 0.0 
1905 0.0024830061011 0.0011631770758 0.0 
1906 0.0027028399054 0.000656401272863 0.0 
1907 0.000403353158617 -0.00270663760602 0.0 
1908 0.00261837337166 -0.000938570476137 0.0 
1909 0.000149563114974 -0.00275784824044 0.0 
1910 0.00264121615328 -0.000161495496286 0.0 
1911 0.00236544758081 -0.00143004569691 0.0 
1912 0.00262527773157 -0.000800745503511 0.0 
1913 0.00245717098005 -0.00130702229217 0.0 
1914 0.0018548242515 -0.0020686017815 0.0 
1915 0.00163439451717 -0.00219095172361 0.0 
1916 0.00172482326161 -0.00210787914693 0.0 
1917 0.00193165964447 -0.00194863497745 0.0 
1918 0.0012327573495 -0.00251288013533 0.0 
1919 0.000951102992985 -0.0026340407785 0.0 
1920 0.00109526631422 -0.00257536931895 0.0 
1921 0.00137066899333 -0.00244124233723 0.0 
1922 0.000793652667198 -0.00263610947877 0.0 
1923 -0.00144483917393 -0.00236977660097 0.0 
1924 0.000538536463864 -0.0026843349915 0.0 
1925 0.00224185059778 -0.00164200912695 0.0 
1926 0.000280771171674 -0.0027231303975 0.0 
1927 0.000665827887133 -0.00266193831339 0.0 
1928 -0.000144411693327 -0.00282670371234 0.0 
1929 -0.00069079385139 -0.00267599825747 0.0 
1930 -0.00291795679368 -0.000706412829459 0.0 
1931 -0.00119684031233 -0.00250967172906 0.0 
1932 -0.000556037819479 -0.00272378581576 0.0 
1933 -0.00130660133436 -0.00241553178057 0.0 
1934 -0.00105041463394 -0.00251997588202 0.0 
1935 -0.00183723063674 -0.0020479306113 0.0 
1936 -0.00203172396868 -0.00184231100138 0.0 
1937 -0.0019544842653 -0.00198213988915 0.0 
1938 -0.00172296445817 -0.00211439910345 0.0 
1939 -0.0024699207861 -0.00116854696535 0.0 
1940 -0.00265648937784 -0.000636603392195 0.0 
1941 -0.0024108835496 -0.00128731189761 0.0 
1942 -0.00262076500803 -0.0007759212167 0.0 
1943 -0.00268275896087 -0.000467193254735 0.0 
1944 -0.0025783891324 -0.000914612144697 0.0 
1945 -0.0026246549096 -0.000229265191592 0.0 
1946 -0.0031611402519 -4.99050183862e-05 0.0 
1947 -0.00295891123824 -0.000545889488421 0.0 
1948 -0.00283014937304 -0.00100786366966 0.0 
1949 -0.00287744030356 -0.000861793931108 0.0 
1950 -0.00265149748884 0.000232362086535 0.0 
1951 -0.0026631068904 0.000354232994141 0.0 
1952 -0.00267479149625 0.000507673306856 0.0 
1953 -0.00262152147479 0.00091748900013 0.0 
1954 0.00264483480714 0.000206980854273 0.0 
1955 0.00264139496721 0.000103058308014 0.0 
1956 0.00265844888054 -0.000353493087459 0.0 
1957 -0.00262507796288 3.16674631904e-05 0.0 
1958 -0.00174090836663 0.00210333592258 0.0 
1959 -0.00263862404972 -0.000337827106705 0.0 
1960 -0.00302122649737 -0.000388118351111 0.0 
1961 -0.00271279620938 -0.00127851974685 0.0 
1962 -0.00257742661051 -0.00154386518989 0.0 
1963 -0.00242068688385 -0.00178591976874 0.0 
1964 -0.00223809480667 -0.00202226592228 0.0 
1965 -0.00197639805265 -0.00217415206134 0.0 
1966 -0.00175579905044 -0.00241580698639 0.0 
1967 -0.00126879685558 -0.00268246768974 0.0 
1968 -0.00101611018181 -0.00278515298851 0.0 
1969 -0.000697129406035 -0.00285555794835 0.0 
1970 -0.000417624483816 -0.00295352865942 0.0 
1971 -0.000148581850226 -0.0030118257273 0.0 
1972 0.000134837682708 -0.00294236419722 0.0 
1973 0.00044202938443 -0.00296916835941 0.0 
1974 0.000725215475541 -0.00292368861847 0.0 
1975 0.000989205087535 -0.00282514374703 0.0 
1976 0.00125030789059 -0.00268400530331 0.0 
1977 0.00152139447164 -0.00255339872092 0.0 
1978 0.00179280200973 -0.00241084420122 0.0 
1979 0.00196942826733 -0.00221857288852 0.0 
1980 0.00219799112529 -0.00197900738567 0.0 
1981 0.00236209365539 -0.001767372014 0.0 
1982 0.002532919636 -0.0014919283567 0.0 
1983 0.00273614632897 -0.0012900828151 0.0 
1984 0.00278927781619 -0.00100974424277 0.0 
1985 0.00287601910532 -0.000697895593476 0.0 
1986 0.00296750967391 -0.000417191156885 0.0 
1987 0.00310979946516 -0.000250275916187 0.0 
1988 0.00318352133036 -0.000317684723996 0.0 
1989 0.00313553726301 -4.54051187262e-05 0.0 
1990 0.000798641063739 0.0028749553021 0.0 
1991 -0.000704687321559 0.00281312479638 0.0 
1992 -0.000402328383643 0.00292161596008 0.0 
1993 -0.00102179148234 0.00279257516377 0.0 
1994 -0.00129959231708 0.00265237479471 0.0 
1995 -0.00240760971792 0.00179134483915 0.0 
1996 -0.0022370624356 0.00199867016636 0.0 
1997 -0.00260422471911 0.00157004932407 0.0 
1998 -0.00266153831035 0.00127671554219 0.0 
1999 -0.00279891001992 0.000968435662799 0.0 
2000 -0.00291038886644 0.000718210823834 0.0 
2001 -0.00317258154973 0.000292124197586 0.0 
2002 -0.0029801139608 0.000416770955781 0.0 
2003 -0.00314396177419 0.000109599241114 0.0 
2004 -0.00246136938222 0.00132837705314 0.0 
2005 -0.0022426280193 0.00152234605048 0.0 
2006 -0.00260951812379 0.000779212452471 0.0 
2007 0.0026655883994 0.000291342614219 0.0 
2008 -0.00233942782506 0.00144068582449 0.0 
2009 0.00234750960954 0.00140735355671 0.0 
2010 -0.00184244965203 0.0020217334386 0.0 
2011 -0.00164799008053 0.00220232806168 0.0 
2012 0.000932643248234 0.00259406329133 0.0 
2013 -0.000138673072797 0.00273433793336 0.0 
2014 -1.29356012621e-05 0.00274868216366 0.0 
2015 0.00141091633122 0.0023463354446 0.0 
2016 0.00151954346802 0.00227409554645 0.0 
2017 0.00200871075504 0.00193906365894 0.0 
2018 0.00189551687799 0.00205276836641 0.0 
2019 1.53055152623e-05 -0.00279965181835 0.0 
2020 0.00252939388156 -0.00106737355236 0.0 
2021 0.00264117261395 -7.3702140071e-05 0.0 
2022 0.00264073302969 0.000380248995498 0.0 
2023 0.00263909599744 9.23182142287e-06 0.0 
2024 0.00204424210824 -0.00188189384062 0.0 
2025 0.0026916929055 -0.000677887059283 0.0 
2026 0.00246401340701 -0.00116831844207 0.0 
2027 0.00227846810594 -0.0015215377789 0.0 
2028 0.00217735720798 -0.00178504944779 0.0 
2029 -0.000308074377244 -0.00278868759051 0.0 
2030 -0.000804300128948 -0.00261669768952 0.0 
2031 -0.000941516598687 -0.00261134584434 0.0 
2032 -0.00211842218414 -0.00173263205215 0.0 
2033 -0.00234546209686 -0.00140384107362 0.0 
2034 -0.00227359449491 -0.00151461816859 0.0 
2035 -0.00252816011198 -0.00104643637314 0.0 
2036 -0.00315178930759 2.8728873076e-05 0.0 
2037 0.00263815768994 -0.000253014586633 0.0 
2038 0.00142866617534 -0.00232204049826 0.0 
2039 0.00311483512633 4.72540705232e-05 0.0 
2040 0.00266162538901 -0.000541250163224 0.0 
2041 0.00271464488469 -0.00044361280743 0.0 
2042 -0.00308268633671 -0.000215449486859 0.0 
2043 -0.00151323887985 -0.00224947370589 0.0 
2044 0.00153044925537 -0.00226378650405 0.0 
2045 -0.000667974061798 0.00265389215201 0.0 
2046 -0.00303508434445 0.000267149298452 0.0 
2047 0.00265568331815 0.00141701113898 0.0 
2048 0.00189982354641 0.00232920609415 0.0 
2049 0.000619665777776 0.00288737402298 0.0 
2050 -0.00155574490782 0.00230230134912 0.0 
2051 -0.000554742407985 0.00270882761106 0.0 
2052 0.00105434469879 0.00252583716065 0.0 
2053 0.00241855368949 0.00128700956702 0.0 
2054 -0.000420009630034 -0.00270304200239 0.0 
2055 -0.00161544349976 -0.00218997034244 0.0 
2056 -0.0022036456503 -0.00162597186863 0.0 
2057 -0.00276730488986 -0.000739139388315 0.0 
2058 0.00260158255696 -0.00120976183098 0.0 
2059 -0.00242131273262 -0.00152942433488 0.0 
2060 -0.00226941611618 -0.00175767624751 0.0 
2061 -0.00209850259125 -0.00196765968576 0.0 
2062 0.000872694014106 -0.00274701393209 0.0 
2063 -0.00198075617664 0.00206076167524 0.0 
2064 0.00141546176746 0.00249158591032 0.0 
2065 0.000626272812951 -0.00279908883385 0.0 
2066 -0.00269124633633 6.85002960381e-05 0.0 
2067 -0.00221258006059 0.00180936860852 0.0 
2068 0.00152793712914 -0.00240475707687 0.0 
2069 0.00179463066161 -0.00223724730313 0.0 
2070 0.0029797044117 0.000253917853115 0.0 
2071 0.00298808771186 -0.000263533118414 0.0 
2072 0.00242297281511 0.00153989705723 0.0 
2073 0.00272472063079 0.00128123327158 0.0 
2074 0.00165264948737 0.00234839250334 0.0 
2075 0.00199880148284 0.00221672141925 0.0 
2076 0.00165764859412 -0.00233170832507 0.0 
2077 -0.00105993985198 0.00266754929908 0.0 
2078 -0.00278949411586 0.000605638953857 0.0 
2079 -0.00268515432253 -8.89522125362e-05 0.0 
2080 0.00225384905934 0.00175950932316 0.0 
2081 0.00234193331562 0.00165497045964 0.0 
2082 0.00215271604247 0.00185857457109 0.0 
2083 0.00263656629249 0.00114676810335 0.0 
2084 0.000362171122106 -0.00283950543962 0.0 
2085 0.00270870747045 -0.000119903270388 0.0 
2086 0.00271085952409 5.38459535164e-05 0.0 
2087 -0.00218702643178 -0.00186664552893 0.0 
2088 -0.00272391946055 0.000161931777257 0.0 
2089 -0.00307616405189 6.49309004075e-05 0.0 
2090 -0.00248945015483 -0.00140890758485 0.0 
2091 -0.002348046517 -0.00164725724608 0.0 
2092 -0.00262059550732 -0.00115800334606 0.0 
2093 -0.00268517783843 -1.0777604075e-05 0.0 
2094 -0.00268632522784 -0.000173824490048 0.0 
2095 -0.00281127402559 0.000423671939643 0.0 
2096 0.00306029757485 -9.94287183858e-05 0.0 
2097 0.00305187213235 -0.000181284412974 0.0 
2098 0.00278695579618 -0.000564064830542 0.0 
2099 -0.00255802250467 -0.00128477590624 0.0 
2100 -0.00305675482377 0.000152644701302 0.0 
2101 0.00275972485542 0.000351506663719 0.0 
2102 0.00286652869545 -0.000318510894431 0.0 
2103 0.00283926329575 0.000266702816589 0.0 
2104 0.00305462093093 -1.56761107064e-05 0.0 
2105 -0.000124391066493 0.00287786195986 0.0 
2106 -0.00247185956687 0.00150822731666 0.0 
2107 -0.00110514415428 -0.00264630513266 0.0 
2108 0.0026604658924 -0.00107722112443 0.0 
2109 2.34354647546e-05 0.00287646101788 0.0 
2110 -0.0030894477386 -9.81588455033e-05 0.0 
2111 0.00186243944336 0.0021944551263 0.0 
2112 0.00271870126016 0.000142201795825 0.0 
2113 -0.00275180838071 0.00027279171627 0.0 
2114 -0.00285319774412 -0.000412687455537 0.0 
2115 -0.00273134349845 -0.000354704097845 0.0 
2116 -0.00272674998268 -0.000889757007826 0.0 
2117 0.00273650069721 0.000243525166297 0.0 
2118 0.00271329679526 -0.00028635354829 0.0 
2119 -0.00187756994274 0.00215350138023 0.0 
2120 -0.00270360079594 -0.000265327456873 0.0 
2121 0.00270122755319 0.00100524467416 0.0 
2122 -0.00275173247792 0.000789119338151 0.0 
2123 -0.00280623929575 -0.000580227642786 0.0 
2124 -0.00267743971199 -0.00102742272429 0.0 
2125 -0.00161116884556 -0.00234281318262 0.0 
2126 -0.00183693913277 -0.00218104664236 0.0 
2127 0.00270722084679 -3.37276433129e-05 0.0 
2128 0.000752513122279 -0.00277300644666 0.0 
2129 -0.000455716013676 -0.00282012252137 0.0 
2130 0.00277669378556 -7.95055602794e-05 0.0 
2131 0.00250187865458 0.00141450832598 0.0 
2132 0.00287297531031 -0.000208830635529 0.0 
2133 0.00257175881416 0.00128189718816 0.0 
2134 -0.00209256098606 0.00194954965264 0.0 
2135 -0.00308668683283 -1.39398161991e-05 0.0 
2136 -0.00234266836196 0.00162332842592 0.0 
2137 0.000243270857027 -0.00285091996193 0.0 
2138 0.00153511308599 0.00242285756394 0.0 
2139 0.000490440463182 -0.0028252475895 0.0 
2140 -0.00173597363755 -0.00226598419249 0.0 
2141 0.00271365069784 -0.000203232426429 0.0 
2142 -0.00295561458915 0.000179675786057 0.0 
2143 -0.00291579752229 -0.000248720141826 0.0 
2144 0.0010499159107 0.00266283005476 0.0 
2145 0.00302130146883 6.04710621701e-05 0.0 
2146 -0.00177622504998 0.0022299324628 0.0 
2147 0.0030778280925 0.000137281807838 0.0 
2148 -0.00115595210809 0.00261893635616 0.0 
2149 0.00176205963362 0.00226802402176 0.0 
2150 0.00129326514434 0.00255739525892 0.0 
2151 0.00295799667947 -0.00013984189718 0.0 
2152 -0.0028768198099 0.000275775004411 0.0 
2153 0.00283548305742 -0.000438629678683 0.0 
2154 0.00276517262682 -0.000353372277459 0.0 
2155 0.00278939027339 -0.000252755911788 0.0 
2156 0.00116899958812 0.00261600711383 0.0 
2157 -0.00275727710687 -0.000128404572024 0.0 
2158 -0.0030209873803 2.03862127819e-05 0.0 
2159 0.00295845535584 0.000127145569422 0.0 
2160 0.00293467123993 4.47797174274e-05 0.0 
2161 0.0027780381497 1.93866526388e-06 0.0 
2162 0.00279755471274 9.57030351856e-05 0.0 
2163 -0.00299095315859 8.90145893209e-05 0.0 
2164 -0.00297801475972 -0.00013369510998 0.0 
2165 0.00298251397908 -2.09605150303e-06 0.0 
2166 0.00278625078499 -0.000164429817232 0.0 
2167 -0.0027559963055 8.84748878889e-05 0.0 
2168 -0.00286939903162 0.000174686443643 0.0 
2169 -0.00274682277814 2.18068707909e-05 0.0 
2170 0.00299258204177 -6.42544255243e-05 0.0 
2171 -0.00300516025163 -4.88540608785e-05 0.0 
2172 0.00285886856727 -0.000114830480015 0.0 
2173 -0.00274918903597 -5.0614526117e-05 0.0 
2174 0.00288128480315 9.40731915762e-05 0.0 
2175 0.00279318657704 0.00018209607515 0.0 
2176 -0.00280977296643 0.000130205255118 0.0 
2177 -0.0027567083016 -0.000206027689273 0.0 
2178 -0.00289202830754 9.03644322534e-05 0.0 
2179 0.0028753450606 0.000173252934474 0.0 
2180 -0.00280529330485 -0.000275935512036 0.0 
2181 0.00283641903661 -4.23752135248e-05 0.0 
2182 0.00285565527156 2.43123722612e-05 0.0 
2183 -0.00280129211023 0.000205458825803 0.0 
2184 -0.00282735656947 -0.000178527261596 0.0 
2185 -0.00292104436085 -6.45430045552e-05 0.0 
2186 -0.00294758589007 1.33819658004e-05 0.0 
2187 0.00291489507072 -4.26430888183e-05 0.0 
2188 -0.00289628491737 -0.000140086165629 0.0 
2189 -0.00283097592182 -8.23421505629e-05 0.0 
2190 -0.0028155692853 5.46429764654e-05 0.0 
2191 -0.00287036993541 -8.93214348707e-07 0.0 
2192 -0.00280327862129 -1.35282252813e-05 0.0 
