1 258 129 128 
2 259 128 127 
3 260 127 126 
4 261 126 125 
5 262 125 124 
6 263 124 123 
7 264 123 122 
8 265 122 121 
9 266 121 120 
10 267 120 119 
11 268 119 118 
12 269 118 117 
13 270 117 116 
14 271 116 115 
15 272 115 114 
16 273 114 113 
17 274 113 112 
18 275 112 111 
19 276 111 110 
20 277 110 109 
21 278 109 108 
22 279 108 107 
23 280 107 106 
24 281 106 105 
25 282 105 104 
26 283 104 103 
27 284 103 102 
28 285 102 101 
29 286 101 100 
30 287 100 99 
31 288 99 98 
32 289 98 97 
33 290 97 96 
34 291 96 95 
35 292 95 94 
36 293 94 93 
37 294 93 92 
38 295 92 91 
39 296 91 90 
40 297 90 89 
41 298 89 88 
42 299 88 87 
43 300 87 86 
44 301 86 85 
45 302 85 84 
46 303 84 83 
47 304 83 82 
48 305 82 81 
49 306 81 80 
50 307 80 79 
51 308 79 78 
52 309 78 77 
53 310 77 76 
54 311 76 75 
55 312 75 74 
56 313 74 73 
57 314 73 72 
58 315 72 71 
59 316 71 70 
60 317 70 69 
61 318 69 68 
62 319 68 67 
63 320 67 66 
64 321 66 65 
65 322 65 64 
66 323 64 63 
67 324 63 62 
68 325 62 61 
69 326 61 60 
70 327 60 59 
71 328 59 58 
72 329 58 57 
73 330 57 56 
74 331 56 55 
75 332 55 54 
76 333 54 53 
77 334 53 52 
78 335 52 51 
79 336 51 50 
80 337 50 49 
81 338 49 48 
82 339 48 47 
83 340 47 46 
84 341 46 45 
85 342 45 44 
86 343 44 43 
87 344 43 42 
88 345 42 41 
89 346 41 40 
90 347 40 39 
91 348 39 38 
92 349 38 37 
93 350 37 36 
94 351 36 35 
95 352 35 34 
96 353 34 33 
97 354 33 32 
98 355 32 31 
99 356 31 30 
100 357 30 29 
101 358 29 28 
102 359 28 27 
103 360 27 26 
104 361 26 25 
105 362 25 24 
106 363 24 23 
107 364 23 22 
108 365 22 21 
109 366 21 20 
110 367 20 19 
111 368 19 18 
112 369 18 17 
113 370 17 16 
114 371 16 15 
115 372 15 14 
116 373 14 13 
117 374 13 12 
118 375 12 11 
119 376 11 10 
120 377 10 9 
121 378 9 8 
122 379 8 7 
123 380 7 6 
124 381 6 5 
125 382 5 4 
126 383 4 3 
127 384 3 1 
128 385 384 257 
129 386 257 258 
130 387 258 259 
131 388 259 260 
132 389 260 261 
133 390 261 262 
134 391 262 263 
135 392 263 264 
136 393 264 265 
137 394 265 266 
138 395 266 267 
139 396 267 268 
140 397 268 269 
141 398 269 270 
142 399 270 271 
143 400 271 272 
144 401 272 273 
145 402 273 274 
146 403 274 275 
147 404 275 276 
148 405 276 277 
149 406 277 278 
150 407 278 279 
151 408 279 280 
152 409 280 281 
153 410 281 282 
154 411 282 283 
155 412 283 284 
156 413 284 285 
157 414 285 286 
158 415 286 287 
159 416 287 288 
160 417 288 289 
161 418 289 290 
162 419 290 291 
163 420 291 292 
164 421 292 293 
165 422 293 294 
166 423 294 295 
167 424 295 296 
168 425 296 297 
169 426 297 298 
170 427 298 299 
171 428 299 300 
172 429 300 301 
173 430 301 302 
174 431 302 303 
175 432 303 304 
176 433 304 305 
177 434 305 306 
178 435 306 307 
179 436 307 308 
180 437 308 309 
181 438 309 310 
182 439 310 311 
183 440 311 312 
184 441 312 313 
185 442 313 314 
186 443 314 315 
187 444 315 316 
188 445 316 317 
189 446 317 318 
190 447 318 319 
191 448 319 320 
192 449 320 321 
193 450 321 322 
194 451 322 323 
195 452 323 324 
196 453 324 325 
197 454 325 326 
198 455 326 327 
199 456 327 328 
200 457 328 329 
201 458 329 330 
202 459 330 331 
203 460 331 332 
204 461 332 333 
205 462 333 334 
206 463 334 335 
207 464 335 336 
208 465 336 337 
209 466 337 338 
210 467 338 339 
211 468 339 340 
212 469 340 341 
213 470 341 342 
214 471 342 343 
215 472 343 344 
216 473 344 345 
217 474 345 346 
218 475 346 347 
219 476 347 348 
220 477 348 349 
221 478 349 350 
222 479 350 351 
223 480 351 352 
224 481 352 353 
225 482 353 354 
226 483 354 355 
227 484 355 356 
228 485 356 357 
229 486 357 358 
230 487 358 359 
231 488 359 360 
232 489 360 361 
233 490 361 362 
234 491 362 363 
235 492 363 364 
236 493 364 365 
237 494 365 366 
238 495 366 367 
239 496 367 368 
240 497 368 369 
241 498 369 370 
242 499 370 371 
243 500 371 372 
244 501 372 373 
245 502 373 374 
246 503 374 375 
247 504 375 376 
248 505 376 377 
249 506 377 378 
250 507 378 379 
251 508 379 380 
252 509 380 381 
253 510 381 382 
254 511 382 383 
255 512 383 384 
256 513 512 385 
257 514 385 386 
258 515 386 387 
259 516 387 388 
260 517 388 389 
261 518 389 390 
262 519 390 391 
263 520 391 392 
264 521 392 393 
265 522 393 394 
266 523 394 395 
267 524 395 396 
268 525 396 397 
269 526 397 398 
270 527 398 399 
271 528 399 400 
272 529 400 401 
273 530 401 402 
274 531 402 403 
275 532 403 404 
276 533 404 405 
277 534 405 406 
278 535 406 407 
279 536 407 408 
280 537 408 409 
281 538 409 410 
282 539 410 411 
283 540 411 412 
284 541 412 413 
285 542 413 414 
286 543 414 415 
287 544 415 416 
288 545 416 417 
289 546 417 418 
290 547 418 419 
291 548 419 420 
292 549 420 421 
293 550 421 422 
294 551 422 423 
295 552 423 424 
296 553 424 425 
297 554 425 426 
298 555 426 427 
299 556 427 428 
300 557 428 429 
301 558 429 430 
302 559 430 431 
303 560 431 432 
304 561 432 433 
305 562 433 434 
306 563 434 435 
307 564 435 436 
308 565 436 437 
309 566 437 438 
310 567 438 439 
311 568 439 440 
312 569 440 441 
313 570 441 442 
314 571 442 443 
315 572 443 444 
316 573 444 445 
317 574 445 446 
318 575 446 447 
319 576 447 448 
320 577 448 449 
321 578 449 450 
322 579 450 451 
323 580 451 452 
324 581 452 453 
325 582 453 454 
326 583 454 455 
327 584 455 456 
328 585 456 457 
329 586 457 458 
330 587 458 459 
331 588 459 460 
332 589 460 461 
333 590 461 462 
334 591 462 463 
335 592 463 464 
336 593 464 465 
337 594 465 466 
338 595 466 467 
339 596 467 468 
340 597 468 469 
341 598 469 470 
342 599 470 471 
343 600 471 472 
344 601 472 473 
345 602 473 474 
346 603 474 475 
347 604 475 476 
348 605 476 477 
349 606 477 478 
350 607 478 479 
351 608 479 480 
352 609 480 481 
353 610 481 482 
354 611 482 483 
355 612 483 484 
356 613 484 485 
357 614 485 486 
358 615 486 487 
359 616 487 488 
360 617 488 489 
361 618 489 490 
362 619 490 491 
363 620 491 492 
364 621 492 493 
365 622 493 494 
366 623 494 495 
367 624 495 496 
368 625 496 497 
369 626 497 498 
370 627 498 499 
371 628 499 500 
372 629 500 501 
373 630 501 502 
374 631 502 503 
375 632 503 504 
376 633 504 505 
377 634 505 506 
378 635 506 507 
379 636 507 508 
380 637 508 509 
381 638 509 510 
382 639 510 511 
383 640 511 512 
384 641 640 513 
385 642 513 514 
386 643 514 515 
387 644 515 516 
388 645 516 517 
389 646 517 518 
390 647 518 519 
391 648 519 520 
392 649 520 521 
393 650 521 522 
394 651 522 523 
395 652 523 524 
396 653 524 525 
397 654 525 526 
398 655 526 527 
399 656 527 528 
400 657 528 529 
401 658 529 530 
402 659 530 531 
403 660 531 532 
404 661 532 533 
405 662 533 534 
406 663 534 535 
407 664 535 536 
408 665 536 537 
409 666 537 538 
410 667 538 539 
411 668 539 540 
412 669 540 541 
413 670 541 542 
414 671 542 543 
415 672 543 544 
416 673 544 545 
417 674 545 546 
418 675 546 547 
419 676 547 548 
420 677 548 549 
421 678 549 550 
422 679 550 551 
423 680 551 552 
424 681 552 553 
425 682 553 554 
426 683 554 555 
427 684 555 556 
428 685 556 557 
429 686 557 558 
430 687 558 559 
431 688 559 560 
432 689 560 561 
433 690 561 562 
434 691 562 563 
435 692 563 564 
436 693 564 565 
437 694 565 566 
438 695 566 567 
439 696 567 568 
440 697 568 569 
441 698 569 570 
442 699 570 571 
443 700 571 572 
444 701 572 573 
445 702 573 574 
446 703 574 575 
447 704 575 576 
448 705 576 577 
449 706 577 578 
450 707 578 579 
451 708 579 580 
452 709 580 581 
453 710 581 582 
454 711 582 583 
455 712 583 584 
456 713 584 585 
457 714 585 586 
458 715 586 587 
459 716 587 588 
460 717 588 589 
461 718 589 590 
462 719 590 591 
463 720 591 592 
464 721 592 593 
465 722 593 594 
466 723 594 595 
467 724 595 596 
468 725 596 597 
469 726 597 598 
470 727 598 599 
471 728 599 600 
472 729 600 601 
473 730 601 602 
474 731 602 603 
475 732 603 604 
476 733 604 605 
477 734 605 606 
478 735 606 607 
479 736 607 608 
480 737 608 609 
481 738 609 610 
482 739 610 611 
483 740 611 612 
484 741 612 613 
485 742 613 614 
486 743 614 615 
487 744 615 616 
488 745 616 617 
489 746 617 618 
490 747 618 619 
491 748 619 620 
492 749 620 621 
493 750 621 622 
494 751 622 623 
495 752 623 624 
496 753 624 625 
497 754 625 626 
498 755 626 627 
499 756 627 628 
500 757 628 629 
501 758 629 630 
502 759 630 631 
503 760 631 632 
504 761 632 633 
505 762 633 634 
506 763 634 635 
507 764 635 636 
508 765 636 637 
509 766 637 638 
510 767 638 639 
511 768 639 640 
512 769 768 641 
513 770 641 642 
514 771 642 643 
515 772 643 644 
516 773 644 645 
517 774 645 646 
518 775 646 647 
519 776 647 648 
520 777 648 649 
521 778 649 650 
522 779 650 651 
523 780 651 652 
524 781 652 653 
525 782 653 654 
526 783 654 655 
527 784 655 656 
528 785 656 657 
529 786 657 658 
530 787 658 659 
531 788 659 660 
532 789 660 661 
533 790 661 662 
534 791 662 663 
535 792 663 664 
536 793 664 665 
537 794 665 666 
538 795 666 667 
539 796 667 668 
540 797 668 669 
541 798 669 670 
542 799 670 671 
543 800 671 672 
544 801 672 673 
545 802 673 674 
546 803 674 675 
547 804 675 676 
548 805 676 677 
549 806 677 678 
550 807 678 679 
551 808 679 680 
552 809 680 681 
553 810 681 682 
554 811 682 683 
555 812 683 684 
556 813 684 685 
557 814 685 686 
558 815 686 687 
559 816 687 688 
560 817 688 689 
561 818 689 690 
562 819 690 691 
563 820 691 692 
564 821 692 693 
565 822 693 694 
566 823 694 695 
567 824 695 696 
568 825 696 697 
569 826 697 698 
570 827 698 699 
571 828 699 700 
572 829 700 701 
573 830 701 702 
574 831 702 703 
575 832 703 704 
576 833 704 705 
577 834 705 706 
578 835 706 707 
579 836 707 708 
580 837 708 709 
581 838 709 710 
582 839 710 711 
583 840 711 712 
584 841 712 713 
585 842 713 714 
586 843 714 715 
587 844 715 716 
588 845 716 717 
589 846 717 718 
590 847 718 719 
591 848 719 720 
592 849 720 721 
593 850 721 722 
594 851 722 723 
595 852 723 724 
596 853 724 725 
597 854 725 726 
598 855 726 727 
599 856 727 728 
600 857 728 729 
601 858 729 730 
602 859 730 731 
603 860 731 732 
604 861 732 733 
605 862 733 734 
606 863 734 735 
607 864 735 736 
608 865 736 737 
609 866 737 738 
610 867 738 739 
611 868 739 740 
612 869 740 741 
613 870 741 742 
614 871 742 743 
615 872 743 744 
616 873 744 745 
617 874 745 746 
618 875 746 747 
619 876 747 748 
620 877 748 749 
621 878 749 750 
622 879 750 751 
623 880 751 752 
624 881 752 753 
625 882 753 754 
626 883 754 755 
627 884 755 756 
628 885 756 757 
629 886 757 758 
630 887 758 759 
631 888 759 760 
632 889 760 761 
633 890 761 762 
634 891 762 763 
635 892 763 764 
636 893 764 765 
637 894 765 766 
638 895 766 767 
639 896 767 768 
640 897 896 769 
641 898 769 770 
642 899 770 771 
643 900 771 772 
644 901 772 773 
645 902 773 774 
646 903 774 775 
647 904 775 776 
648 905 776 777 
649 906 777 778 
650 907 778 779 
651 908 779 780 
652 909 780 781 
653 910 781 782 
654 911 782 783 
655 912 783 784 
656 913 784 785 
657 914 785 786 
658 915 786 787 
659 916 787 788 
660 917 788 789 
661 918 789 790 
662 919 790 791 
663 920 791 792 
664 921 792 793 
665 922 793 794 
666 923 794 795 
667 924 795 796 
668 925 796 797 
669 926 797 798 
670 927 798 799 
671 928 799 800 
672 929 800 801 
673 930 801 802 
674 931 802 803 
675 932 803 804 
676 933 804 805 
677 934 805 806 
678 935 806 807 
679 936 807 808 
680 937 808 809 
681 938 809 810 
682 939 810 811 
683 940 811 812 
684 941 812 813 
685 942 813 814 
686 943 814 815 
687 944 815 816 
688 945 816 817 
689 946 817 818 
690 947 818 819 
691 948 819 820 
692 949 820 821 
693 950 821 822 
694 951 822 823 
695 952 823 824 
696 953 824 825 
697 954 825 826 
698 955 826 827 
699 956 827 828 
700 957 828 829 
701 958 829 830 
702 959 830 831 
703 960 831 832 
704 961 832 833 
705 962 833 834 
706 963 834 835 
707 964 835 836 
708 965 836 837 
709 966 837 838 
710 967 838 839 
711 968 839 840 
712 969 840 841 
713 970 841 842 
714 971 842 843 
715 972 843 844 
716 973 844 845 
717 974 845 846 
718 975 846 847 
719 976 847 848 
720 977 848 849 
721 978 849 850 
722 979 850 851 
723 980 851 852 
724 981 852 853 
725 982 853 854 
726 983 854 855 
727 984 855 856 
728 985 856 857 
729 986 857 858 
730 987 858 859 
731 988 859 860 
732 989 860 861 
733 990 861 862 
734 991 862 863 
735 992 863 864 
736 993 864 865 
737 994 865 866 
738 995 866 867 
739 996 867 868 
740 997 868 869 
741 998 869 870 
742 999 870 871 
743 1000 871 872 
744 1001 872 873 
745 1002 873 874 
746 1003 874 875 
747 1004 875 876 
748 1005 876 877 
749 1006 877 878 
750 1007 878 879 
751 1008 879 880 
752 1009 880 881 
753 1010 881 882 
754 1011 882 883 
755 1012 883 884 
756 1013 884 885 
757 1014 885 886 
758 1015 886 887 
759 1016 887 888 
760 1017 888 889 
761 1018 889 890 
762 1019 890 891 
763 1020 891 892 
764 1021 892 893 
765 1022 893 894 
766 1023 894 895 
767 1024 895 896 
768 1025 1024 897 
769 1026 897 898 
770 1027 898 899 
771 1028 899 900 
772 1029 900 901 
773 1030 901 902 
774 1031 902 903 
775 1032 903 904 
776 1033 904 905 
777 1034 905 906 
778 1035 906 907 
779 1036 907 908 
780 1037 908 909 
781 1038 909 910 
782 1039 910 911 
783 1040 911 912 
784 1041 912 913 
785 1042 913 914 
786 1043 914 915 
787 1044 915 916 
788 1045 916 917 
789 1046 917 918 
790 1047 918 919 
791 1048 919 920 
792 1049 920 921 
793 1050 921 922 
794 1051 922 923 
795 1052 923 924 
796 1053 924 925 
797 1054 925 926 
798 1055 926 927 
799 1056 927 928 
800 1057 928 929 
801 1058 929 930 
802 1059 930 931 
803 1060 931 932 
804 1061 932 933 
805 1062 933 934 
806 1063 934 935 
807 1064 935 936 
808 1065 936 937 
809 1066 937 938 
810 1067 938 939 
811 1068 939 940 
812 1069 940 941 
813 1070 941 942 
814 1071 942 943 
815 1072 943 944 
816 1073 944 945 
817 1074 945 946 
818 1075 946 947 
819 1076 947 948 
820 1077 948 949 
821 1078 949 950 
822 1079 950 951 
823 1080 951 952 
824 1081 952 953 
825 1082 953 954 
826 1083 954 955 
827 1084 955 956 
828 1085 956 957 
829 1086 957 958 
830 1087 958 959 
831 1088 959 960 
832 1089 960 961 
833 1090 961 962 
834 1091 962 963 
835 1092 963 964 
836 1093 964 965 
837 1094 965 966 
838 1095 966 967 
839 1096 967 968 
840 1097 968 969 
841 1098 969 970 
842 1099 970 971 
843 1100 971 972 
844 1101 972 973 
845 1102 973 974 
846 1103 974 975 
847 1104 975 976 
848 1105 976 977 
849 1106 977 978 
850 1107 978 979 
851 1108 979 980 
852 1109 980 981 
853 1110 981 982 
854 1111 982 983 
855 1112 983 984 
856 1113 984 985 
857 1114 985 986 
858 1115 986 987 
859 1116 987 988 
860 1117 988 989 
861 1118 989 990 
862 1119 990 991 
863 1120 991 992 
864 1121 992 993 
865 1122 993 994 
866 1123 994 995 
867 1124 995 996 
868 1125 996 997 
869 1126 997 998 
870 1127 998 999 
871 1128 999 1000 
872 1129 1000 1001 
873 1130 1001 1002 
874 1131 1002 1003 
875 1132 1003 1004 
876 1133 1004 1005 
877 1134 1005 1006 
878 1135 1006 1007 
879 1136 1007 1008 
880 1137 1008 1009 
881 1138 1009 1010 
882 1139 1010 1011 
883 1140 1011 1012 
884 1141 1012 1013 
885 1142 1013 1014 
886 1143 1014 1015 
887 1144 1015 1016 
888 1145 1016 1017 
889 1146 1017 1018 
890 1147 1018 1019 
891 1148 1019 1020 
892 1149 1020 1021 
893 1150 1021 1022 
894 1151 1022 1023 
895 1152 1023 1024 
896 1153 1152 1025 
897 1154 1025 1026 
898 1155 1026 1027 
899 1156 1027 1028 
900 1157 1028 1029 
901 1158 1029 1030 
902 1159 1030 1031 
903 1160 1031 1032 
904 1161 1032 1033 
905 1162 1033 1034 
906 1163 1034 1035 
907 1164 1035 1036 
908 1165 1036 1037 
909 1166 1037 1038 
910 1167 1038 1039 
911 1168 1039 1040 
912 1169 1040 1041 
913 1170 1041 1042 
914 1171 1042 1043 
915 1172 1043 1044 
916 1173 1044 1045 
917 1174 1045 1046 
918 1175 1046 1047 
919 1176 1047 1048 
920 1177 1048 1049 
921 1178 1049 1050 
922 1179 1050 1051 
923 1180 1051 1052 
924 1181 1052 1053 
925 1182 1053 1054 
926 1183 1054 1055 
927 1184 1055 1056 
928 1185 1056 1057 
929 1186 1057 1058 
930 1187 1058 1059 
931 1188 1059 1060 
932 1189 1060 1061 
933 1190 1061 1062 
934 1191 1062 1063 
935 1192 1063 1064 
936 1193 1064 1065 
937 1194 1065 1066 
938 1195 1066 1067 
939 1196 1067 1068 
940 1197 1068 1069 
941 1198 1069 1070 
942 1199 1070 1071 
943 1200 1071 1072 
944 1201 1072 1073 
945 1202 1073 1074 
946 1203 1074 1075 
947 1204 1075 1076 
948 1205 1076 1077 
949 1206 1077 1078 
950 1207 1078 1079 
951 1208 1079 1080 
952 1209 1080 1081 
953 1210 1081 1082 
954 1211 1082 1083 
955 1212 1083 1084 
956 1213 1084 1085 
957 1214 1085 1086 
958 1215 1086 1087 
959 1216 1087 1088 
960 1217 1088 1089 
961 1218 1089 1090 
962 1219 1090 1091 
963 1220 1091 1092 
964 1221 1092 1093 
965 1222 1093 1094 
966 1223 1094 1095 
967 1224 1095 1096 
968 1225 1096 1097 
969 1226 1097 1098 
970 1227 1098 1099 
971 1228 1099 1100 
972 1229 1100 1101 
973 1230 1101 1102 
974 1231 1102 1103 
975 1232 1103 1104 
976 1233 1104 1105 
977 1234 1105 1106 
978 1235 1106 1107 
979 1236 1107 1108 
980 1237 1108 1109 
981 1238 1109 1110 
982 1239 1110 1111 
983 1240 1111 1112 
984 1241 1112 1113 
985 1242 1113 1114 
986 1243 1114 1115 
987 1244 1115 1116 
988 1245 1116 1117 
989 1246 1117 1118 
990 1247 1118 1119 
991 1248 1119 1120 
992 1249 1120 1121 
993 1250 1121 1122 
994 1251 1122 1123 
995 1252 1123 1124 
996 1253 1124 1125 
997 1254 1125 1126 
998 1255 1126 1127 
999 1256 1127 1128 
1000 1257 1128 1129 
1001 1258 1129 1130 
1002 1259 1130 1131 
1003 1260 1131 1132 
1004 1261 1132 1133 
1005 1262 1133 1134 
1006 1263 1134 1135 
1007 1264 1135 1136 
1008 1265 1136 1137 
1009 1266 1137 1138 
1010 1267 1138 1139 
1011 1268 1139 1140 
1012 1269 1140 1141 
1013 1270 1141 1142 
1014 1271 1142 1143 
1015 1272 1143 1144 
1016 1273 1144 1145 
1017 1274 1145 1146 
1018 1275 1146 1147 
1019 1276 1147 1148 
1020 1277 1148 1149 
1021 1278 1149 1150 
1022 1279 1150 1151 
1023 1280 1151 1152 
1024 1281 1280 1153 
1025 1282 1153 1154 
1026 1283 1154 1155 
1027 1284 1155 1156 
1028 1285 1156 1157 
1029 1286 1157 1158 
1030 1287 1158 1159 
1031 1288 1159 1160 
1032 1289 1160 1161 
1033 1290 1161 1162 
1034 1291 1162 1163 
1035 1292 1163 1164 
1036 1293 1164 1165 
1037 1294 1165 1166 
1038 1295 1166 1167 
1039 1296 1167 1168 
1040 1297 1168 1169 
1041 1298 1169 1170 
1042 1299 1170 1171 
1043 1300 1171 1172 
1044 1301 1172 1173 
1045 1302 1173 1174 
1046 1303 1174 1175 
1047 1304 1175 1176 
1048 1305 1176 1177 
1049 1306 1177 1178 
1050 1307 1178 1179 
1051 1308 1179 1180 
1052 1309 1180 1181 
1053 1310 1181 1182 
1054 1311 1182 1183 
1055 1312 1183 1184 
1056 1313 1184 1185 
1057 1314 1185 1186 
1058 1315 1186 1187 
1059 1316 1187 1188 
1060 1317 1188 1189 
1061 1318 1189 1190 
1062 1319 1190 1191 
1063 1320 1191 1192 
1064 1321 1192 1193 
1065 1322 1193 1194 
1066 1323 1194 1195 
1067 1324 1195 1196 
1068 1325 1196 1197 
1069 1326 1197 1198 
1070 1327 1198 1199 
1071 1328 1199 1200 
1072 1329 1200 1201 
1073 1330 1201 1202 
1074 1331 1202 1203 
1075 1332 1203 1204 
1076 1333 1204 1205 
1077 1334 1205 1206 
1078 1335 1206 1207 
1079 1336 1207 1208 
1080 1337 1208 1209 
1081 1338 1209 1210 
1082 1339 1210 1211 
1083 1340 1211 1212 
1084 1341 1212 1213 
1085 1342 1213 1214 
1086 1343 1214 1215 
1087 1344 1215 1216 
1088 1345 1216 1217 
1089 1346 1217 1218 
1090 1347 1218 1219 
1091 1348 1219 1220 
1092 1349 1220 1221 
1093 1350 1221 1222 
1094 1351 1222 1223 
1095 1352 1223 1224 
1096 1353 1224 1225 
1097 1354 1225 1226 
1098 1355 1226 1227 
1099 1356 1227 1228 
1100 1357 1228 1229 
1101 1358 1229 1230 
1102 1359 1230 1231 
1103 1360 1231 1232 
1104 1361 1232 1233 
1105 1362 1233 1234 
1106 1363 1234 1235 
1107 1364 1235 1236 
1108 1365 1236 1237 
1109 1366 1237 1238 
1110 1367 1238 1239 
1111 1368 1239 1240 
1112 1369 1240 1241 
1113 1370 1241 1242 
1114 1371 1242 1243 
1115 1372 1243 1244 
1116 1373 1244 1245 
1117 1374 1245 1246 
1118 1375 1246 1247 
1119 1376 1247 1248 
1120 1377 1248 1249 
1121 1378 1249 1250 
1122 1379 1250 1251 
1123 1380 1251 1252 
1124 1381 1252 1253 
1125 1382 1253 1254 
1126 1383 1254 1255 
1127 1384 1255 1256 
1128 1385 1256 1257 
1129 1386 1257 1258 
1130 1387 1258 1259 
1131 1388 1259 1260 
1132 1389 1260 1261 
1133 1390 1261 1262 
1134 1391 1262 1263 
1135 1392 1263 1264 
1136 1393 1264 1265 
1137 1394 1265 1266 
1138 1395 1266 1267 
1139 1396 1267 1268 
1140 1397 1268 1269 
1141 1398 1269 1270 
1142 1399 1270 1271 
1143 1400 1271 1272 
1144 1401 1272 1273 
1145 1402 1273 1274 
1146 1403 1274 1275 
1147 1404 1275 1276 
1148 1405 1276 1277 
1149 1406 1277 1278 
1150 1407 1278 1279 
1151 1408 1279 1280 
1152 1409 1408 1281 
1153 1410 1281 1282 
1154 1411 1282 1283 
1155 1412 1283 1284 
1156 1413 1284 1285 
1157 1414 1285 1286 
1158 1415 1286 1287 
1159 1416 1287 1288 
1160 1417 1288 1289 
1161 1418 1289 1290 
1162 1419 1290 1291 
1163 1420 1291 1292 
1164 1421 1292 1293 
1165 1422 1293 1294 
1166 1423 1294 1295 
1167 1424 1295 1296 
1168 1425 1296 1297 
1169 1426 1297 1298 
1170 1427 1298 1299 
1171 1428 1299 1300 
1172 1429 1300 1301 
1173 1430 1301 1302 
1174 1431 1302 1303 
1175 1432 1303 1304 
1176 1433 1304 1305 
1177 1434 1305 1306 
1178 1435 1306 1307 
1179 1436 1307 1308 
1180 1437 1308 1309 
1181 1438 1309 1310 
1182 1439 1310 1311 
1183 1440 1311 1312 
1184 1441 1312 1313 
1185 1442 1313 1314 
1186 1443 1314 1315 
1187 1444 1315 1316 
1188 1445 1316 1317 
1189 1446 1317 1318 
1190 1447 1318 1319 
1191 1448 1319 1320 
1192 1449 1320 1321 
1193 1450 1321 1322 
1194 1451 1322 1323 
1195 1452 1323 1324 
1196 1453 1324 1325 
1197 1454 1325 1326 
1198 1455 1326 1327 
1199 1456 1327 1328 
1200 1457 1328 1329 
1201 1458 1329 1330 
1202 1459 1330 1331 
1203 1460 1331 1332 
1204 1461 1332 1333 
1205 1462 1333 1334 
1206 1463 1334 1335 
1207 1464 1335 1336 
1208 1465 1336 1337 
1209 1466 1337 1338 
1210 1467 1338 1339 
1211 1468 1339 1340 
1212 1469 1340 1341 
1213 1470 1341 1342 
1214 1471 1342 1343 
1215 1472 1343 1344 
1216 1473 1344 1345 
1217 1474 1345 1346 
1218 1475 1346 1347 
1219 1476 1347 1348 
1220 1477 1348 1349 
1221 1478 1349 1350 
1222 1479 1350 1351 
1223 1480 1351 1352 
1224 1481 1352 1353 
1225 1482 1353 1354 
1226 1483 1354 1355 
1227 1484 1355 1356 
1228 1485 1356 1357 
1229 1486 1357 1358 
1230 1487 1358 1359 
1231 1488 1359 1360 
1232 1489 1360 1361 
1233 1490 1361 1362 
1234 1491 1362 1363 
1235 1492 1363 1364 
1236 1493 1364 1365 
1237 1494 1365 1366 
1238 1495 1366 1367 
1239 1496 1367 1368 
1240 1497 1368 1369 
1241 1498 1369 1370 
1242 1499 1370 1371 
1243 1500 1371 1372 
1244 1501 1372 1373 
1245 1502 1373 1374 
1246 1503 1374 1375 
1247 1504 1375 1376 
1248 1505 1376 1377 
1249 1506 1377 1378 
1250 1507 1378 1379 
1251 1508 1379 1380 
1252 1509 1380 1381 
1253 1510 1381 1382 
1254 1511 1382 1383 
1255 1512 1383 1384 
1256 1513 1384 1385 
1257 1514 1385 1386 
1258 1515 1386 1387 
1259 1516 1387 1388 
1260 1517 1388 1389 
1261 1518 1389 1390 
1262 1519 1390 1391 
1263 1520 1391 1392 
1264 1521 1392 1393 
1265 1522 1393 1394 
1266 1523 1394 1395 
1267 1524 1395 1396 
1268 1525 1396 1397 
1269 1526 1397 1398 
1270 1527 1398 1399 
1271 1528 1399 1400 
1272 1529 1400 1401 
1273 1530 1401 1402 
1274 1531 1402 1403 
1275 1532 1403 1404 
1276 1533 1404 1405 
1277 1534 1405 1406 
1278 1535 1406 1407 
1279 1536 1407 1408 
1280 1410 1411 1537 
1281 1411 1412 1538 
1282 1413 1414 1539 
1283 1415 1416 1540 
1284 1417 1418 1541 
1285 1419 1420 1542 
1286 1421 1422 1543 
1287 1423 1424 1544 
1288 1425 1426 1545 
1289 1427 1428 1546 
1290 1429 1430 1547 
1291 1431 1432 1548 
1292 1433 1434 1549 
1293 1435 1436 1550 
1294 1437 1438 1551 
1295 1439 1440 1552 
1296 1441 1442 1553 
1297 1443 1444 1554 
1298 1445 1446 1555 
1299 1447 1448 1556 
1300 1449 1450 1557 
1301 1451 1452 1558 
1302 1453 1454 1559 
1303 1455 1456 1560 
1304 1457 1458 1561 
1305 1459 1460 1562 
1306 1461 1462 1563 
1307 1463 1464 1564 
1308 1465 1466 1565 
1309 1467 1468 1566 
1310 1470 1988 1469 
1311 1473 1474 1568 
1312 1474 1475 1569 
1313 1476 1477 1570 
1314 1478 1479 1571 
1315 1480 1481 1572 
1316 1482 1483 1573 
1317 1484 1485 1574 
1318 1486 1487 1575 
1319 1488 1489 1576 
1320 1490 1491 1577 
1321 1492 1493 1578 
1322 1494 1495 1579 
1323 1496 1497 1580 
1324 1498 1499 1581 
1325 1500 1501 1582 
1326 1502 1503 1583 
1327 1504 1505 1584 
1328 1506 1507 1585 
1329 1508 1509 1586 
1330 1510 1511 1587 
1331 1512 1513 1588 
1332 1514 1515 1589 
1333 1516 1517 1590 
1334 1518 1519 1591 
1335 1520 1521 1592 
1336 1522 1523 1593 
1337 1524 1525 1594 
1338 1526 1527 1595 
1339 1528 1529 1596 
1340 1530 1531 1597 
1341 1532 1533 1598 
1342 2 130 1599 
1343 130 131 1600 
1344 131 132 1601 
1345 132 133 1602 
1346 133 134 1603 
1347 135 136 1604 
1348 137 138 1605 
1349 139 140 1606 
1350 141 142 1607 
1351 143 144 1608 
1352 145 146 1609 
1353 147 148 1610 
1354 149 150 1611 
1355 151 152 1612 
1356 153 154 1613 
1357 155 156 1614 
1358 157 158 1615 
1359 159 160 1616 
1360 161 162 1617 
1361 163 164 1618 
1362 165 166 1619 
1363 167 168 1620 
1364 169 170 1621 
1365 171 172 1622 
1366 173 174 1623 
1367 175 176 1624 
1368 177 178 1625 
1369 179 180 1626 
1370 181 182 1627 
1371 183 184 1628 
1372 185 186 1629 
1373 187 188 1630 
1374 189 190 1631 
1375 190 191 1632 
1376 191 192 1633 
1377 192 193 1634 
1378 194 195 1635 
1379 195 196 1636 
1380 196 197 1637 
1381 198 199 1638 
1382 200 201 1639 
1383 202 203 1640 
1384 204 205 1641 
1385 206 207 1642 
1386 208 209 1643 
1387 210 211 1644 
1388 212 213 1645 
1389 214 215 1646 
1390 216 217 1647 
1391 218 219 1648 
1392 220 221 1649 
1393 222 223 1650 
1394 224 225 1651 
1395 226 227 1652 
1396 228 229 1653 
1397 230 231 1654 
1398 232 233 1655 
1399 234 235 1656 
1400 236 237 1657 
1401 238 239 1658 
1402 240 241 1659 
1403 242 243 1660 
1404 244 245 1661 
1405 246 247 1662 
1406 248 249 1663 
1407 250 251 1664 
1408 252 253 1665 
1409 254 255 1666 
1410 255 256 1667 
1411 1536 1409 1668 
1412 1409 1410 1669 
1413 1411 1538 1537 
1414 1412 1413 1670 
1415 1414 1415 1671 
1416 1416 1417 1672 
1417 1418 1419 1673 
1418 1420 1421 1674 
1419 1422 1423 1675 
1420 1424 1425 1676 
1421 1426 1427 1677 
1422 1428 1429 1678 
1423 1430 1431 1679 
1424 1432 1433 1680 
1425 1434 1435 1681 
1426 1436 1437 1682 
1427 1438 1439 1683 
1428 1440 1441 1684 
1429 1442 1443 1685 
1430 1444 1445 1686 
1431 1446 1447 1687 
1432 1448 1449 1688 
1433 1450 1451 1689 
1434 1452 1453 1690 
1435 1454 1455 1691 
1436 1456 1457 1692 
1437 1458 1459 1693 
1438 1460 1461 1694 
1439 1462 1463 1695 
1440 1464 1465 1696 
1441 1466 1467 1697 
1442 1468 1469 1698 
1443 1473 1568 1699 
1444 1470 1471 1700 
1445 1471 1472 1701 
1446 1472 1473 1702 
1447 1701 1472 1702 
1448 1473 1699 1702 
1449 1475 1476 1703 
1450 1477 1478 1704 
1451 1479 1480 1705 
1452 1481 1482 1706 
1453 1572 1481 1706 
1454 1482 1573 1706 
1455 1483 1484 1707 
1456 1485 1486 1708 
1457 1487 1488 1709 
1458 1489 1490 1710 
1459 1576 1489 1710 
1460 1490 1577 1710 
1461 1491 1492 1711 
1462 1493 1494 1712 
1463 1495 1496 1713 
1464 1497 1498 1714 
1465 1499 1500 1715 
1466 1581 1499 1715 
1467 1500 1582 1715 
1468 1501 1502 1716 
1469 1503 1504 1717 
1470 1505 1506 1718 
1471 1507 1508 1719 
1472 1509 1510 1720 
1473 1511 1512 1721 
1474 1513 1514 1722 
1475 1588 1513 1722 
1476 1514 1589 1722 
1477 1515 1516 1723 
1478 1517 1518 1724 
1479 1519 1520 1725 
1480 1521 1522 1726 
1481 1523 1524 1727 
1482 1525 1526 1728 
1483 1527 1528 1729 
1484 1529 1530 1730 
1485 1531 1532 1731 
1486 2 1599 1732 
1487 1533 1534 1733 
1488 1534 1535 1734 
1489 130 1600 1599 
1490 131 1601 1600 
1491 132 1602 1601 
1492 133 1603 1602 
1493 134 135 1735 
1494 136 137 1736 
1495 138 139 1737 
1496 140 141 1738 
1497 1606 140 1738 
1498 141 1607 1738 
1499 142 143 1739 
1500 144 145 1740 
1501 146 147 1741 
1502 148 149 1742 
1503 1610 148 1742 
1504 149 1611 1742 
1505 150 151 1743 
1506 152 153 1744 
1507 154 155 1745 
1508 156 157 1746 
1509 1614 156 1746 
1510 157 1615 1746 
1511 158 159 1747 
1512 160 161 1748 
1513 1616 160 1748 
1514 161 1617 1748 
1515 162 163 1749 
1516 164 165 1750 
1517 166 167 1751 
1518 168 169 1752 
1519 1620 168 1752 
1520 169 1621 1752 
1521 170 171 1753 
1522 172 173 1754 
1523 1622 172 1754 
1524 173 1623 1754 
1525 174 175 1755 
1526 176 177 1756 
1527 1624 176 1756 
1528 177 1625 1756 
1529 178 179 1757 
1530 180 181 1758 
1531 182 183 1759 
1532 1627 182 1759 
1533 183 1628 1759 
1534 184 185 1760 
1535 186 187 1761 
1536 188 189 1762 
1537 190 1632 1631 
1538 191 1633 1632 
1539 192 1634 1633 
1540 194 1635 1763 
1541 193 194 1764 
1542 1634 193 1764 
1543 194 1763 1764 
1544 195 1636 1635 
1545 196 1637 1636 
1546 197 198 1765 
1547 1637 197 1765 
1548 198 1638 1765 
1549 199 200 1766 
1550 201 202 1767 
1551 1639 201 1767 
1552 202 1640 1767 
1553 203 204 1768 
1554 205 206 1769 
1555 207 208 1770 
1556 1642 207 1770 
1557 208 1643 1770 
1558 209 210 1771 
1559 211 212 1772 
1560 213 214 1773 
1561 1645 213 1773 
1562 214 1646 1773 
1563 215 216 1774 
1564 217 218 1775 
1565 219 220 1776 
1566 221 222 1777 
1567 223 224 1778 
1568 225 226 1779 
1569 227 228 1780 
1570 1652 227 1780 
1571 228 1653 1780 
1572 229 230 1781 
1573 231 232 1782 
1574 1654 231 1782 
1575 232 1655 1782 
1576 233 234 1783 
1577 235 236 1784 
1578 237 238 1785 
1579 1657 237 1785 
1580 238 1658 1785 
1581 239 240 1786 
1582 241 242 1787 
1583 243 244 1788 
1584 1660 243 1788 
1585 244 1661 1788 
1586 245 246 1789 
1587 1661 245 1789 
1588 246 1662 1789 
1589 247 248 1790 
1590 249 250 1791 
1591 251 252 1792 
1592 254 1666 1793 
1593 253 254 1793 
1594 255 1667 1666 
1595 1536 1668 1794 
1596 256 2 1795 
1597 1412 1670 1538 
1598 1539 1414 1671 
1599 1540 1416 1672 
1600 1541 1418 1673 
1601 1542 1420 1674 
1602 1543 1422 1675 
1603 1544 1424 1676 
1604 1545 1426 1677 
1605 1546 1428 1678 
1606 1547 1430 1679 
1607 1548 1432 1680 
1608 1549 1434 1681 
1609 1550 1436 1682 
1610 1551 1438 1683 
1611 1552 1440 1684 
1612 1553 1442 1685 
1613 1554 1444 1686 
1614 1555 1446 1687 
1615 1556 1448 1688 
1616 1557 1450 1689 
1617 1558 1452 1690 
1618 1559 1454 1691 
1619 1560 1456 1692 
1620 1561 1458 1693 
1621 1562 1460 1694 
1622 1563 1462 1695 
1623 1564 1464 1696 
1624 1565 1466 1697 
1625 1566 1468 1698 
1626 1569 1475 1703 
1627 1570 1477 1704 
1628 1571 1479 1705 
1629 1707 1484 1574 
1630 1573 1483 1707 
1631 1574 1485 1708 
1632 1575 1487 1709 
1633 1711 1492 1578 
1634 1577 1491 1711 
1635 1578 1493 1712 
1636 1579 1495 1713 
1637 1580 1497 1714 
1638 1716 1502 1583 
1639 1582 1501 1716 
1640 1583 1503 1717 
1641 1584 1505 1718 
1642 1585 1507 1719 
1643 1586 1509 1720 
1644 1587 1511 1721 
1645 1723 1516 1590 
1646 1589 1515 1723 
1647 1590 1517 1724 
1648 1591 1519 1725 
1649 1592 1521 1726 
1650 1593 1523 1727 
1651 1594 1525 1728 
1652 1595 1527 1729 
1653 1596 1529 1730 
1654 1597 1531 1731 
1655 1598 1533 1733 
1656 134 1735 1603 
1657 1604 136 1736 
1658 1605 138 1737 
1659 1739 143 1608 
1660 1607 142 1739 
1661 1608 144 1740 
1662 1609 146 1741 
1663 1743 151 1612 
1664 1611 150 1743 
1665 1612 152 1744 
1666 1613 154 1745 
1667 1747 159 1616 
1668 1615 158 1747 
1669 1749 163 1618 
1670 1617 162 1749 
1671 1618 164 1750 
1672 1619 166 1751 
1673 1753 171 1622 
1674 1621 170 1753 
1675 1755 175 1624 
1676 1623 174 1755 
1677 1757 179 1626 
1678 1625 178 1757 
1679 1626 180 1758 
1680 1760 185 1629 
1681 1628 184 1760 
1682 1629 186 1761 
1683 1630 188 1762 
1684 1766 200 1639 
1685 1638 199 1766 
1686 1768 204 1641 
1687 1640 203 1768 
1688 1641 205 1769 
1689 1771 210 1644 
1690 1643 209 1771 
1691 1644 211 1772 
1692 1774 216 1647 
1693 1646 215 1774 
1694 1647 217 1775 
1695 1648 219 1776 
1696 1649 221 1777 
1697 1650 223 1778 
1698 1651 225 1779 
1699 1781 230 1654 
1700 1653 229 1781 
1701 1783 234 1656 
1702 1655 233 1783 
1703 1656 235 1784 
1704 1786 240 1659 
1705 1658 239 1786 
1706 1659 241 1787 
1707 1790 248 1663 
1708 1662 247 1790 
1709 1663 249 1791 
1710 1664 251 1792 
1711 1665 253 1793 
1712 256 1795 1667 
1713 1796 1667 1795 
1714 1668 1409 1797 
1715 1409 1669 1797 
1716 1669 1410 1798 
1717 1410 1537 1798 
1718 1671 1415 1540 
1719 1672 1417 1541 
1720 1673 1419 1542 
1721 1674 1421 1543 
1722 1675 1423 1544 
1723 1676 1425 1545 
1724 1677 1427 1546 
1725 1678 1429 1547 
1726 1679 1431 1548 
1727 1680 1433 1549 
1728 1681 1435 1550 
1729 1682 1437 1551 
1730 1683 1439 1552 
1731 1684 1441 1553 
1732 1685 1443 1554 
1733 1686 1445 1555 
1734 1687 1447 1556 
1735 1688 1449 1557 
1736 1689 1451 1558 
1737 1690 1453 1559 
1738 1691 1455 1560 
1739 1692 1457 1561 
1740 1693 1459 1562 
1741 1694 1461 1563 
1742 1695 1463 1564 
1743 1696 1465 1565 
1744 1697 1467 1566 
1745 1698 1469 1567 
1746 1471 1701 1700 
1747 1799 1700 1701 
1748 1703 1476 1570 
1749 1705 1480 1572 
1750 1709 1488 1576 
1751 1713 1496 1580 
1752 1714 1498 1581 
1753 1718 1506 1585 
1754 1719 1508 1586 
1755 1720 1510 1587 
1756 1721 1512 1588 
1757 1725 1520 1592 
1758 1726 1522 1593 
1759 1727 1524 1594 
1760 1728 1526 1595 
1761 1729 1528 1596 
1762 1730 1530 1597 
1763 1731 1532 1598 
1764 1734 1535 1800 
1765 1741 147 1610 
1766 1745 155 1614 
1767 1751 167 1620 
1768 1762 189 1631 
1769 1778 224 1651 
1770 1779 226 1652 
1771 1670 1413 1539 
1772 1704 1478 1571 
1773 1708 1486 1575 
1774 1712 1494 1579 
1775 1717 1504 1584 
1776 1724 1518 1591 
1777 2 1732 1795 
1778 1737 139 1606 
1779 1736 137 1605 
1780 1735 135 1604 
1781 1740 145 1609 
1782 1744 153 1613 
1783 1750 165 1619 
1784 1758 181 1627 
1785 1761 187 1630 
1786 1777 222 1650 
1787 1776 220 1649 
1788 1769 206 1642 
1789 1772 212 1645 
1790 1775 218 1648 
1791 1784 236 1657 
1792 1787 242 1660 
1793 1792 252 1665 
1794 1791 250 1664 
1795 1704 1571 1801 
1796 1540 1672 1802 
1797 1541 1673 1803 
1798 1542 1674 1804 
1799 1543 1675 1805 
1800 1544 1676 1806 
1801 1545 1677 1807 
1802 1546 1678 1808 
1803 1678 1547 1808 
1804 1547 1679 1809 
1805 1548 1680 1810 
1806 1549 1681 1811 
1807 1550 1682 1812 
1808 1551 1683 1813 
1809 1552 1684 1814 
1810 1553 1685 1815 
1811 1554 1686 1816 
1812 1555 1687 1817 
1813 1556 1688 1818 
1814 1557 1689 1819 
1815 1558 1690 1820 
1816 1559 1691 1821 
1817 1560 1692 1822 
1818 1561 1693 1823 
1819 1562 1694 1824 
1820 1563 1695 1825 
1821 1564 1696 1826 
1822 1565 1697 1827 
1823 1566 1698 1828 
1824 1569 1703 1829 
1825 1570 1704 1830 
1826 1704 1801 1830 
1827 1703 1570 1831 
1828 1829 1703 1831 
1829 1570 1830 1831 
1830 1705 1572 1832 
1831 1571 1705 1833 
1832 1801 1571 1833 
1833 1705 1832 1833 
1834 1708 1575 1834 
1835 1707 1574 1835 
1836 1709 1576 1836 
1837 1574 1708 1837 
1838 1835 1574 1837 
1839 1708 1834 1837 
1840 1573 1707 1838 
1841 1707 1835 1838 
1842 1575 1709 1839 
1843 1834 1575 1839 
1844 1709 1836 1839 
1845 1712 1579 1840 
1846 1711 1578 1841 
1847 1713 1580 1842 
1848 1578 1712 1843 
1849 1841 1578 1843 
1850 1712 1840 1843 
1851 1577 1711 1844 
1852 1711 1841 1844 
1853 1579 1713 1845 
1854 1840 1579 1845 
1855 1713 1842 1845 
1856 1717 1584 1846 
1857 1580 1714 1847 
1858 1716 1583 1848 
1859 1718 1585 1849 
1860 1583 1717 1850 
1861 1717 1846 1850 
1862 1582 1716 1851 
1863 1716 1848 1851 
1864 1584 1718 1852 
1865 1846 1584 1852 
1866 1718 1849 1852 
1867 1724 1591 1853 
1868 1719 1586 1854 
1869 1720 1587 1855 
1870 1721 1588 1856 
1871 1723 1590 1857 
1872 1725 1592 1858 
1873 1590 1724 1859 
1874 1857 1590 1859 
1875 1724 1853 1859 
1876 1589 1723 1860 
1877 1723 1857 1860 
1878 1591 1725 1861 
1879 1853 1591 1861 
1880 1725 1858 1861 
1881 1795 1732 1862 
1882 1726 1593 1863 
1883 1727 1594 1864 
1884 1728 1595 1865 
1885 1729 1596 1866 
1886 1730 1597 1867 
1887 1731 1598 1868 
1888 1734 1800 1869 
1889 1603 1735 1870 
1890 1599 1600 1871 
1891 1535 1536 1872 
1892 1800 1535 1872 
1893 1536 1794 1872 
1894 1740 1609 1873 
1895 1605 1737 1874 
1896 1739 1608 1875 
1897 1736 1605 1876 
1898 1608 1740 1877 
1899 1875 1608 1877 
1900 1740 1873 1877 
1901 1607 1739 1878 
1902 1739 1875 1878 
1903 1744 1613 1879 
1904 1743 1612 1880 
1905 1745 1614 1881 
1906 1612 1744 1882 
1907 1880 1612 1882 
1908 1744 1879 1882 
1909 1611 1743 1883 
1910 1743 1880 1883 
1911 1613 1745 1884 
1912 1879 1613 1884 
1913 1745 1881 1884 
1914 1750 1619 1885 
1915 1747 1616 1886 
1916 1751 1620 1887 
1917 1749 1618 1888 
1918 1615 1747 1889 
1919 1747 1886 1889 
1920 1618 1750 1890 
1921 1750 1885 1890 
1922 1617 1749 1891 
1923 1749 1888 1891 
1924 1619 1751 1892 
1925 1885 1619 1892 
1926 1751 1887 1892 
1927 1758 1627 1893 
1928 1753 1622 1894 
1929 1762 1631 1895 
1930 1755 1624 1896 
1931 1621 1753 1897 
1932 1753 1894 1897 
1933 1757 1626 1898 
1934 1623 1755 1899 
1935 1755 1896 1899 
1936 1626 1758 1900 
1937 1758 1893 1900 
1938 1625 1757 1901 
1939 1757 1898 1901 
1940 1760 1629 1902 
1941 1761 1630 1903 
1942 1629 1761 1904 
1943 1902 1629 1904 
1944 1761 1903 1904 
1945 1628 1760 1905 
1946 1760 1902 1905 
1947 1630 1762 1906 
1948 1903 1630 1906 
1949 1762 1895 1906 
1950 1777 1650 1907 
1951 1766 1639 1908 
1952 1778 1651 1909 
1953 1763 1635 1910 
1954 1768 1641 1911 
1955 1638 1766 1912 
1956 1766 1908 1912 
1957 1640 1768 1913 
1958 1771 1644 1914 
1959 1772 1645 1915 
1960 1644 1772 1916 
1961 1772 1915 1916 
1962 1643 1771 1917 
1963 1771 1914 1917 
1964 1774 1647 1918 
1965 1775 1648 1919 
1966 1647 1775 1920 
1967 1775 1919 1920 
1968 1646 1774 1921 
1969 1774 1918 1921 
1970 1648 1776 1922 
1971 1784 1657 1923 
1972 1649 1777 1924 
1973 1777 1907 1924 
1974 1769 1642 1925 
1975 1650 1778 1926 
1976 1778 1909 1926 
1977 1776 1649 1927 
1978 1922 1776 1927 
1979 1649 1924 1927 
1980 1779 1652 1928 
1981 1781 1654 1929 
1982 1670 1539 1930 
1983 1783 1656 1931 
1984 1653 1781 1932 
1985 1781 1929 1932 
1986 1656 1784 1933 
1987 1931 1656 1933 
1988 1784 1923 1933 
1989 1655 1783 1934 
1990 1783 1931 1934 
1991 1786 1659 1935 
1992 1787 1660 1936 
1993 1659 1787 1937 
1994 1935 1659 1937 
1995 1787 1936 1937 
1996 1658 1786 1938 
1997 1786 1935 1938 
1998 1790 1663 1939 
1999 1792 1665 1940 
2000 1662 1790 1941 
2001 1790 1939 1941 
2002 1664 1792 1942 
2003 1792 1940 1942 
2004 1665 1793 1943 
2005 1791 1664 1944 
2006 1666 1667 1945 
2007 1794 1668 1946 
2008 1538 1670 1947 
2009 1670 1930 1947 
2010 1671 1540 1948 
2011 1540 1802 1948 
2012 1539 1671 1949 
2013 1671 1948 1949 
2014 1600 1601 1950 
2015 1601 1602 1951 
2016 1602 1603 1952 
2017 1603 1870 1952 
2018 1604 1736 1953 
2019 1736 1876 1953 
2020 1632 1633 1954 
2021 1633 1634 1955 
2022 1636 1637 1956 
2023 1699 1568 2147 
2024 1732 1599 1957 
2025 1741 1610 1958 
2026 1793 1666 1959 
2027 1537 1538 1960 
2028 1539 1949 1930 
2029 1672 1541 1961 
2030 1673 1542 1962 
2031 1674 1543 1963 
2032 1675 1544 1964 
2033 1676 1545 1965 
2034 1677 1546 1966 
2035 1808 1547 1809 
2036 1679 1548 1967 
2037 1680 1549 1968 
2038 1681 1550 1969 
2039 1682 1551 1970 
2040 1683 1552 1971 
2041 1684 1553 1972 
2042 1814 1684 1972 
2043 1553 1815 1972 
2044 1685 1554 1973 
2045 1686 1555 1974 
2046 1687 1556 1975 
2047 1688 1557 1976 
2048 1689 1558 1977 
2049 1690 1559 1978 
2050 1691 1560 1979 
2051 1561 1823 1980 
2052 1692 1561 1980 
2053 1693 1562 1981 
2054 1694 1563 1982 
2055 1563 1825 1982 
2056 1695 1564 1983 
2057 1696 1565 1984 
2058 1566 1828 1985 
2059 1697 1566 1985 
2060 1698 1567 1986 
2061 1700 1799 1987 
2062 1470 1700 1988 
2063 1701 1702 1989 
2064 1824 1694 1982 
2065 1474 1569 1568 
2066 1842 1580 1847 
2067 1823 1693 1981 
2068 1848 1583 1850 
2069 1822 1692 1980 
2070 1847 1714 1990 
2071 1714 1581 1990 
2072 1589 1860 1722 
2073 1581 1715 1990 
2074 1821 1691 1979 
2075 1854 1586 1991 
2076 1586 1720 1991 
2077 1585 1719 1992 
2078 1720 1855 1991 
2079 1585 1992 1849 
2080 1587 1721 1993 
2081 1795 1862 1796 
2082 1588 1722 1994 
2083 1856 1588 1994 
2084 1722 1860 1994 
2085 1820 1690 1978 
2086 1863 1593 1995 
2087 1593 1727 1995 
2088 1592 1726 1996 
2089 1727 1864 1995 
2090 1592 1996 1858 
2091 1594 1728 1997 
2092 1595 1729 1998 
2093 1596 1730 1999 
2094 1597 1731 2000 
2095 1734 1869 2001 
2096 1598 1733 2002 
2097 1819 1689 1977 
2098 1599 1871 1957 
2099 1534 1734 2001 
2100 1800 1872 2003 
2101 1874 1737 2004 
2102 1737 1606 2004 
2103 1738 1607 2005 
2104 1607 1878 2005 
2105 1818 1688 1976 
2106 1817 1687 1975 
2107 1816 1686 1974 
2108 1605 1874 1876 
2109 1735 1604 2006 
2110 1870 1735 2006 
2111 1604 1953 2006 
2112 1632 1954 2007 
2113 1606 1738 2008 
2114 2004 1606 2008 
2115 1738 2005 2008 
2116 1815 1685 1973 
2117 1893 1627 2009 
2118 1627 1759 2009 
2119 1609 1741 2010 
2120 1610 1742 2011 
2121 1887 1620 2012 
2122 1620 1752 2012 
2123 1973 1554 1816 
2124 1886 1616 2013 
2125 1616 1748 2013 
2126 1618 1890 1888 
2127 1748 1617 2014 
2128 2013 1748 2014 
2129 1617 1891 2014 
2130 1813 1683 1971 
2131 1894 1622 2015 
2132 1626 1900 1898 
2133 1754 1623 2016 
2134 1623 1899 2016 
2135 1622 1754 2015 
2136 1756 1625 2017 
2137 1625 1901 2017 
2138 1624 1756 2018 
2139 1756 2017 2018 
2140 1812 1682 1970 
2141 1609 2010 1873 
2142 1909 1651 2019 
2143 1651 1779 2019 
2144 1811 1681 1969 
2145 1908 1639 2020 
2146 1639 1767 2020 
2147 1763 1910 2021 
2148 1631 1632 2022 
2149 1810 1680 1968 
2150 1764 1763 2021 
2151 1768 1911 1913 
2152 1634 1764 2023 
2153 1679 1967 1809 
2154 1770 1643 2024 
2155 1643 1917 2024 
2156 1765 1638 2025 
2157 1638 1912 2025 
2158 1767 1640 2026 
2159 1640 1913 2026 
2160 1634 2023 1955 
2161 1641 1769 2027 
2162 1807 1677 1966 
2163 1648 1922 1919 
2164 1644 1916 1914 
2165 1642 1770 2028 
2166 1925 1642 2028 
2167 1770 2024 2028 
2168 1806 1676 1965 
2169 1918 1647 1920 
2170 1805 1675 1964 
2171 1928 1652 2029 
2172 1652 1780 2029 
2173 1779 1928 2019 
2174 1650 1926 1907 
2175 1929 1654 2030 
2176 1654 1782 2030 
2177 1600 1950 1871 
2178 1664 1942 1944 
2179 1782 1655 2031 
2180 2030 1782 2031 
2181 1655 1934 2031 
2182 1936 1660 2032 
2183 1660 1788 2032 
2184 1804 1674 1963 
2185 1940 1665 1943 
2186 1803 1673 1962 
2187 1662 1941 2033 
2188 1661 1789 2034 
2189 1802 1672 1961 
2190 1663 1791 2035 
2191 1791 1944 2035 
2192 1862 1732 1957 
2193 1943 1793 1959 
2194 1666 1945 1959 
2195 1794 1946 2036 
2196 1667 1796 1945 
2197 1538 1947 1960 
2198 1668 1797 1946 
2199 1950 1601 1951 
2200 1602 1952 1951 
2201 1954 1633 1955 
2202 1961 1541 1803 
2203 1662 2033 1789 
2204 1967 1548 1810 
2205 1974 1555 1817 
2206 1981 1562 1824 
2207 1695 1983 1825 
2208 1983 1564 1826 
2209 1696 1984 1826 
2210 1698 1986 1828 
2211 1697 1985 1827 
2212 1700 1987 1988 
2213 1701 1989 1799 
2214 1992 1719 1854 
2215 1993 1721 1856 
2216 2000 1731 1868 
2217 1996 1726 1863 
2218 2192 2191 2189 
2219 1997 1728 1865 
2220 1595 1998 1865 
2221 1596 1999 1866 
2222 1597 2000 1867 
2223 1800 2003 1869 
2224 1598 2002 1868 
2225 2010 1741 1958 
2226 1610 2011 1958 
2227 1624 2018 1896 
2228 1631 2022 1895 
2229 2027 1769 1925 
2230 1984 1565 1827 
2231 1979 1560 1822 
2232 1978 1559 1821 
2233 1977 1558 1820 
2234 1635 1636 2037 
2235 1773 1646 2038 
2236 1646 1921 2038 
2237 1699 2147 2039 
2238 1637 1765 2040 
2239 1765 2025 2040 
2240 1976 1557 1819 
2241 1975 1556 1818 
2242 1971 1552 1814 
2243 1970 1551 1813 
2244 1969 1550 1812 
2245 1968 1549 1811 
2246 1966 1546 1808 
2247 1965 1545 1807 
2248 1964 1544 1806 
2249 1963 1543 1805 
2250 1962 1542 1804 
2251 1794 2036 1872 
2252 1534 2001 1733 
2253 1956 1637 2041 
2254 1637 2040 2041 
2255 1641 2027 1911 
2256 1797 1669 2042 
2257 1669 1798 2042 
2258 1798 1537 1960 
2259 1663 2035 1939 
2260 1923 1657 2043 
2261 1657 1785 2043 
2262 1915 1645 2044 
2263 1645 1773 2044 
2264 1910 1635 2037 
2265 1881 1614 2045 
2266 1614 1746 2045 
2267 1733 2001 2046 
2268 1733 2046 2002 
2269 1699 2039 1702 
2270 2037 1636 1956 
2271 2046 2001 1869 
2272 1706 1573 2047 
2273 1573 1838 2047 
2274 1710 1577 2048 
2275 1577 1844 2048 
2276 1715 1582 2049 
2277 1582 1851 2049 
2278 1594 1997 1864 
2279 1999 1730 1867 
2280 1855 1587 1993 
2281 1742 1611 2050 
2282 2011 1742 2050 
2283 1611 1883 2050 
2284 1746 1615 2051 
2285 2045 1746 2051 
2286 1615 1889 2051 
2287 1752 1621 2052 
2288 1621 1897 2052 
2289 1759 1628 2053 
2290 1628 1905 2053 
2291 1780 1653 2054 
2292 2029 1780 2054 
2293 1653 1932 2054 
2294 1785 1658 2055 
2295 2043 1785 2055 
2296 1658 1938 2055 
2297 1788 1661 2056 
2298 1661 2034 2056 
2299 1798 1960 2042 
2300 1930 1949 2057 
2301 1983 1826 2058 
2302 1789 2033 2034 
2303 1872 2036 2003 
2304 1962 1804 2059 
2305 1963 1805 2060 
2306 1918 1920 1976 
2307 1964 1806 2061 
2308 1919 1922 2062 
2309 1808 1809 1923 
2310 1806 1965 1937 
2311 1764 2021 2023 
2312 1873 2010 2063 
2313 1894 2015 2064 
2314 1970 1813 2029 
2315 1876 1874 1866 
2316 1981 1824 1925 
2317 1816 1974 2065 
2318 1817 1975 2062 
2319 1957 1871 2066 
2320 1863 1995 2067 
2321 1977 1820 2068 
2322 1854 1991 2051 
2323 1978 1821 2069 
2324 1848 1850 1891 
2325 1847 1990 1887 
2326 1825 1983 2058 
2327 1568 1569 2070 
2328 1979 1822 1914 
2329 1986 1567 2071 
2330 1569 1829 2070 
2331 1824 1982 1911 
2332 1838 1835 2072 
2333 1572 1706 2073 
2334 1844 1841 2074 
2335 1576 1710 2075 
2336 1821 1979 2069 
2337 1820 1978 2076 
2338 2068 1820 2076 
2339 1978 2069 2076 
2340 1822 1980 2024 
2341 1702 2039 1989 
2342 1851 1848 1890 
2343 1849 1992 1886 
2344 1993 1856 2077 
2345 1991 1855 1881 
2346 2000 1868 2078 
2347 1796 1862 2079 
2348 1998 1729 1866 
2349 1865 1998 2004 
2350 1855 1993 1884 
2351 1996 1863 2067 
2352 1632 2007 2022 
2353 1898 1900 2080 
2354 1984 1827 1908 
2355 2015 1754 2016 
2356 1900 1893 2081 
2357 1901 1898 2082 
2358 1905 1902 2083 
2359 1907 1926 2084 
2360 2021 1910 2085 
2361 1955 2023 2086 
2362 1809 1967 1931 
2363 1921 1918 1819 
2364 1805 1964 2087 
2365 2060 1805 2087 
2366 1964 2061 2087 
2367 1811 1969 1929 
2368 2019 1928 1814 
2369 1871 1950 2088 
2370 2003 2036 2089 
2371 2033 1941 2090 
2372 1803 1962 2090 
2373 1804 1963 2091 
2374 2059 1804 2091 
2375 1963 2060 2091 
2376 1802 1961 2092 
2377 1942 1940 2057 
2378 1862 1957 2093 
2379 2079 1862 2093 
2380 1957 2066 2093 
2381 1945 1796 2094 
2382 1815 1973 2084 
2383 1951 1952 2095 
2384 1890 1885 1851 
2385 1799 1989 2096 
2386 1987 1799 2097 
2387 1799 2096 2097 
2388 1985 1828 2098 
2389 1982 1825 1913 
2390 1980 1823 2028 
2391 1961 1803 2099 
2392 2092 1961 2099 
2393 1803 2090 2099 
2394 2046 1869 2100 
2395 2075 1710 2048 
2396 2073 1706 2047 
2397 1572 2073 1832 
2398 1576 2075 1836 
2399 2034 2033 2059 
2400 1929 1969 1932 
2401 2022 2007 2101 
2402 1986 2071 2102 
2403 2070 1829 2103 
2404 1911 1982 1913 
2405 1989 2039 2104 
2406 1849 1886 2105 
2407 1852 1849 2105 
2408 1886 2013 2105 
2409 1832 2073 2083 
2410 1865 2004 2106 
2411 1997 1865 2106 
2412 2004 2008 2106 
2413 1931 1967 2107 
2414 1934 1931 2107 
2415 1967 1810 2107 
2416 1984 1908 2108 
2417 1826 1984 2108 
2418 1908 2020 2108 
2419 2019 1814 1972 
2420 2071 1567 1987 
2421 1891 1850 2109 
2422 2014 1891 2109 
2423 1850 1846 2109 
2424 1946 1797 2110 
2425 1896 2018 2111 
2426 1952 1870 2078 
2427 1954 1955 2112 
2428 2057 2123 1930 
2429 1950 1951 2113 
2430 2088 1950 2113 
2431 1951 2095 2113 
2432 1960 1947 2114 
2433 1941 1939 2099 
2434 1818 1976 1920 
2435 1916 1915 2069 
2436 1895 2022 2101 
2437 1878 1875 2067 
2438 1992 1854 1889 
2439 1943 1959 2115 
2440 1944 1942 2116 
2441 2007 1954 2117 
2442 2101 2007 2117 
2443 1954 2112 2117 
2444 2037 1956 2118 
2445 1868 2002 2095 
2446 2010 1958 2119 
2447 1869 2003 2100 
2448 1866 1999 1953 
2449 1860 1857 1883 
2450 1990 1715 2049 
2451 1959 1945 2120 
2452 2115 1959 2120 
2453 1945 2094 2120 
2454 1830 1801 1903 
2455 1827 1985 2025 
2456 1939 2035 2092 
2457 2071 1987 2097 
2458 1830 1903 1906 
2459 1903 1801 2121 
2460 1904 1903 2121 
2461 1801 1833 2121 
2462 1889 1854 2051 
2463 1953 1999 2122 
2464 2006 1953 2122 
2465 1999 1867 2122 
2466 2057 1949 2116 
2467 1932 1969 1812 
2468 1866 1953 1876 
2469 1940 1943 2123 
2470 1802 2092 2124 
2471 1948 1802 2124 
2472 2092 2035 2124 
2473 1976 1819 1918 
2474 1811 1929 2030 
2475 1808 1923 2125 
2476 1965 1807 2126 
2477 2023 2021 2127 
2478 1974 1817 2128 
2479 2063 2010 2119 
2480 1966 1808 2125 
2481 1968 1811 2031 
2482 1932 1812 2129 
2483 2124 2035 1944 
2484 2123 1943 2114 
2485 1948 2124 2116 
2486 2021 2085 2127 
2487 2130 2127 2085 
2488 2023 2127 2086 
2489 1974 2128 2065 
2490 1893 2009 2072 
2491 2128 1817 2062 
2492 1832 2083 2121 
2493 1832 2121 1833 
2494 1971 1814 1928 
2495 1975 1818 1919 
2496 2122 1867 2000 
2497 1848 1891 1888 
2498 1847 1887 2012 
2499 1883 1857 2050 
2500 1824 1911 2027 
2501 1979 1914 2069 
2502 2109 1846 2105 
2503 1913 1825 2058 
2504 2095 1952 2078 
2505 1567 1469 1988 
2506 1567 1988 1987 
2507 1848 1888 1890 
2508 2124 1944 2116 
2509 1948 2116 1949 
2510 1919 1818 1920 
2511 2122 2000 2078 
2512 2105 1846 1852 
2513 1971 1928 1813 
2514 1838 2072 2131 
2515 2047 1838 2131 
2516 2072 2009 2131 
2517 2102 2071 2132 
2518 1834 1839 2082 
2519 1835 1837 2081 
2520 1839 1836 2017 
2521 2059 2033 2090 
2522 1864 1997 2106 
2523 1886 1992 1889 
2524 1834 2082 2080 
2525 1835 2081 2072 
2526 1813 1928 2029 
2527 2083 2073 2133 
2528 1905 2083 2133 
2529 2073 2047 2133 
2530 1991 1881 2045 
2531 2090 1962 2059 
2532 1796 2079 2094 
2533 1853 1861 2119 
2534 1857 1859 2050 
2535 2090 1941 2099 
2536 1858 1996 2134 
2537 1861 1858 2063 
2538 2089 2036 2135 
2539 1995 1864 2136 
2540 2067 1995 2136 
2541 1864 2106 2136 
2542 1921 1819 1977 
2543 2107 1810 1968 
2544 2112 1955 2086 
2545 1996 2067 2134 
2546 1908 1827 1912 
2547 2084 1926 2137 
2548 1926 1909 2137 
2549 2080 1900 2081 
2550 1874 2004 1998 
2551 2005 1878 2136 
2552 1934 2107 2031 
2553 2012 1752 2052 
2554 1883 1880 1860 
2555 2009 1759 2053 
2556 2083 1902 2121 
2557 2082 1898 2080 
2558 1879 1884 2077 
2559 2135 2036 1946 
2560 2110 1797 2042 
2561 1884 1993 2077 
2562 1893 2072 2081 
2563 1860 1880 1994 
2564 1858 2134 2063 
2565 1991 2045 2051 
2566 2136 1878 2067 
2567 2135 1946 2110 
2568 1812 1970 2129 
2569 1892 1887 1990 
2570 2015 2016 2138 
2571 2016 1899 2074 
2572 1973 1816 2139 
2573 2121 1902 1904 
2574 1907 2084 2139 
2575 2020 1767 2026 
2576 1906 1895 1831 
2577 1809 1931 1933 
2578 1922 1927 2128 
2579 1873 2063 2134 
2580 1989 2104 2096 
2581 1807 1966 2140 
2582 1917 1914 1822 
2583 1925 1824 2027 
2584 1910 2037 2141 
2585 2055 1938 2140 
2586 1936 2032 2087 
2587 2032 1788 2056 
2588 1927 1924 2065 
2589 1922 2128 2062 
2590 1871 2088 2066 
2591 2003 2089 2100 
2592 1938 1935 2126 
2593 1915 2044 2076 
2594 1921 1977 2068 
2595 2046 2100 2142 
2596 2042 1960 2143 
2597 1960 2114 2143 
2598 2057 1940 2123 
2599 1942 2057 2116 
2600 2084 1973 2139 
2601 1815 2084 2137 
2602 1842 1847 2144 
2603 2104 2039 2145 
2604 1853 2119 2146 
2605 1859 1853 2146 
2606 2119 1958 2146 
2607 2040 2025 2098 
2608 2075 2048 2111 
2609 1773 2038 2044 
2610 2185 2189 2191 
2611 2078 1868 2095 
2612 1881 1855 1884 
2613 2077 1856 2148 
2614 1879 2077 2148 
2615 1856 1994 2148 
2616 1972 1815 2137 
2617 2074 1841 2138 
2618 2015 2138 2064 
2619 1896 2111 2149 
2620 1899 1896 2149 
2621 2111 2048 2149 
2622 2041 2040 2098 
2623 2037 2118 2141 
2624 2099 1939 2092 
2625 1826 2108 2058 
2626 1912 1827 2025 
2627 2069 1915 2076 
2628 2056 2034 2091 
2629 1924 1907 2139 
2630 2039 2147 2145 
2631 1968 2031 2107 
2632 1897 1894 2150 
2633 1910 2141 2085 
2634 1834 2080 1837 
2635 1882 1879 2148 
2636 2132 2071 2151 
2637 2071 2097 2151 
2638 1877 1873 2134 
2639 1870 2006 2122 
2640 2095 2002 2152 
2641 2113 2095 2152 
2642 2002 2046 2152 
2643 2048 1844 2149 
2644 1938 2126 2140 
2645 1905 2133 2053 
2646 1899 2149 2074 
2647 1990 2049 1892 
2648 1843 1840 2064 
2649 1909 2019 1972 
2650 1958 2011 2146 
2651 2034 2059 2091 
2652 1923 1809 1933 
2653 1836 2075 2018 
2654 1828 1986 2153 
2655 2046 2142 2152 
2656 2150 1894 2064 
2657 2139 1816 2065 
2658 1870 2122 2078 
2659 1917 1822 2024 
2660 1936 2087 2061 
2661 2065 1924 2139 
2662 1836 2018 2017 
2663 2138 1841 1843 
2664 2149 1844 2074 
2665 2064 1840 2150 
2666 2153 1986 2102 
2667 2150 1840 1845 
2668 1568 2070 2147 
2669 2114 1943 2115 
2670 2118 1956 2154 
2671 2133 2047 2131 
2672 2102 2132 2155 
2673 2063 2119 1861 
2674 1843 2064 2138 
2675 2031 1811 2030 
2676 2146 2011 1859 
2677 1932 2129 2054 
2678 2173 2192 2189 
2679 1981 1925 2028 
2680 2150 1845 2156 
2681 1897 2150 2156 
2682 1845 1842 2156 
2683 2141 2118 2155 
2684 1913 2058 2026 
2685 2097 2096 2151 
2686 2105 2013 2014 
2687 1831 1830 1906 
2688 2094 2079 2157 
2689 2156 1842 2144 
2690 1897 2156 2052 
2691 2026 2058 2020 
2692 2156 2144 2052 
2693 2109 2105 2014 
2694 2056 2091 2060 
2695 1823 1981 2028 
2696 2081 1837 2080 
2697 2106 2008 2136 
2698 2089 2135 2158 
2699 2114 1947 2123 
2700 2065 2128 1927 
2701 1875 1877 2067 
2702 1880 1882 1994 
2703 1885 1892 2049 
2704 2049 1851 1885 
2705 1847 2012 2144 
2706 2138 2016 2074 
2707 2145 2147 2159 
2708 1874 1998 1866 
2709 2052 2144 2012 
2710 2145 2159 2160 
2711 2086 2127 2161 
2712 1831 1895 1829 
2713 2018 2075 2111 
2714 2112 2086 2162 
2715 2126 1807 2140 
2716 1936 2061 1937 
2717 2140 1966 2125 
2718 2060 2087 2032 
2719 2053 2133 2131 
2720 1975 1919 2062 
2721 2055 2140 2125 
2722 2032 2056 2060 
2723 2076 2044 2068 
2724 1935 1937 1965 
2725 2142 2100 2163 
2726 2110 2042 2164 
2727 2104 2145 2165 
2728 2145 2160 2165 
2729 2098 1828 2153 
2730 2041 2098 2153 
2731 1980 2028 2024 
2732 2058 2108 2020 
2733 1829 1895 2101 
2734 1935 1965 2126 
2735 1859 2011 2050 
2736 2100 2089 2163 
2737 1914 1916 2069 
2738 1829 2101 2103 
2739 2085 2141 2166 
2740 2130 2085 2166 
2741 2141 2155 2166 
2742 2102 2154 2153 
2743 2118 2154 2155 
2744 1985 2098 2025 
2745 2009 2053 2131 
2746 2066 2088 2167 
2747 2147 2070 2159 
2748 2152 2142 2168 
2749 2103 2101 2117 
2750 2154 1956 2041 
2751 2127 2130 2161 
2752 2155 2132 2166 
2753 1806 1937 2061 
2754 2093 2066 2169 
2755 2066 2167 2169 
2756 2082 1839 2017 
2757 2041 2153 2154 
2758 2163 2089 2158 
2759 2096 2104 2170 
2760 2096 2170 2151 
2761 1947 1930 2123 
2762 2135 2110 2171 
2763 2137 1909 1972 
2764 2008 2005 2136 
2765 2102 2155 2154 
2766 2017 1901 2082 
2767 2166 2132 2172 
2768 2029 2054 2129 
2769 2086 2161 2162 
2770 2134 2067 1877 
2771 2043 2055 2125 
2772 1921 2068 2038 
2773 2110 2164 2171 
2774 2079 2093 2173 
2775 2157 2079 2173 
2776 2093 2169 2173 
2777 2135 2171 2158 
2778 2160 2159 2174 
2779 2117 2112 2175 
2780 2103 2117 2175 
2781 2112 2162 2175 
2782 2044 2038 2068 
2783 2167 2088 2176 
2784 2120 2094 2177 
2785 2168 2142 2178 
2786 2142 2163 2178 
2787 2172 2132 2151 
2788 2174 2159 2179 
2789 2103 2175 2179 
2790 2177 2094 2157 
2791 2179 2159 2070 
2792 2174 2179 2162 
2793 2162 2179 2175 
2794 2179 2070 2103 
2795 2114 2115 2180 
2796 2125 1923 2043 
2797 1970 2029 2129 
2798 2143 2114 2180 
2799 2180 2115 2120 
2800 2166 2172 2130 
2801 2130 2172 2181 
2802 2160 2174 2182 
2803 2170 2104 2165 
2804 2113 2152 2183 
2805 2152 2168 2183 
2806 2164 2042 2143 
2807 2180 2120 2177 
2808 2177 2157 2184 
2809 2171 2164 2185 
2810 2176 2088 2183 
2811 2163 2158 2186 
2812 2172 2151 2187 
2813 2181 2172 2187 
2814 2151 2170 2187 
2815 2161 2130 2181 
2816 2174 2162 2182 
2817 2158 2171 2186 
2818 2183 2088 2113 
2819 2183 2168 2176 
2820 2180 2177 2184 
2821 2176 2168 2178 
2822 2186 2171 2185 
2823 2160 2182 2187 
2824 2164 2143 2188 
2825 2148 1994 1882 
2826 2185 2164 2188 
2827 2188 2143 2184 
2828 2184 2157 2189 
2829 2157 2173 2189 
2830 2162 2161 2182 
2831 2180 2184 2143 
2832 2178 2190 2176 
2833 2178 2163 2186 
2834 2182 2161 2181 
2835 2187 2182 2181 
2836 2188 2184 2189 
2837 2170 2165 2187 
2838 2187 2165 2160 
2839 2169 2167 2190 
2840 2178 2186 2191 
2841 2186 2185 2191 
2842 2167 2176 2190 
2843 2185 2188 2189 
2844 2190 2178 2191 
2845 2169 2190 2192 
2846 2173 2169 2192 
2847 2190 2191 2192 
2848 257 1 129 
2849 257 384 1 
2850 258 257 129 
2851 259 258 128 
2852 260 259 127 
2853 261 260 126 
2854 262 261 125 
2855 263 262 124 
2856 264 263 123 
2857 265 264 122 
2858 266 265 121 
2859 267 266 120 
2860 268 267 119 
2861 269 268 118 
2862 270 269 117 
2863 271 270 116 
2864 272 271 115 
2865 273 272 114 
2866 274 273 113 
2867 275 274 112 
2868 276 275 111 
2869 277 276 110 
2870 278 277 109 
2871 279 278 108 
2872 280 279 107 
2873 281 280 106 
2874 282 281 105 
2875 283 282 104 
2876 284 283 103 
2877 285 284 102 
2878 286 285 101 
2879 287 286 100 
2880 288 287 99 
2881 289 288 98 
2882 290 289 97 
2883 291 290 96 
2884 292 291 95 
2885 293 292 94 
2886 294 293 93 
2887 295 294 92 
2888 296 295 91 
2889 297 296 90 
2890 298 297 89 
2891 299 298 88 
2892 300 299 87 
2893 301 300 86 
2894 302 301 85 
2895 303 302 84 
2896 304 303 83 
2897 305 304 82 
2898 306 305 81 
2899 307 306 80 
2900 308 307 79 
2901 309 308 78 
2902 310 309 77 
2903 311 310 76 
2904 312 311 75 
2905 313 312 74 
2906 314 313 73 
2907 315 314 72 
2908 316 315 71 
2909 317 316 70 
2910 318 317 69 
2911 319 318 68 
2912 320 319 67 
2913 321 320 66 
2914 322 321 65 
2915 323 322 64 
2916 324 323 63 
2917 325 324 62 
2918 326 325 61 
2919 327 326 60 
2920 328 327 59 
2921 329 328 58 
2922 330 329 57 
2923 331 330 56 
2924 332 331 55 
2925 333 332 54 
2926 334 333 53 
2927 335 334 52 
2928 336 335 51 
2929 337 336 50 
2930 338 337 49 
2931 339 338 48 
2932 340 339 47 
2933 341 340 46 
2934 342 341 45 
2935 343 342 44 
2936 344 343 43 
2937 345 344 42 
2938 346 345 41 
2939 347 346 40 
2940 348 347 39 
2941 349 348 38 
2942 350 349 37 
2943 351 350 36 
2944 352 351 35 
2945 353 352 34 
2946 354 353 33 
2947 355 354 32 
2948 356 355 31 
2949 357 356 30 
2950 358 357 29 
2951 359 358 28 
2952 360 359 27 
2953 361 360 26 
2954 362 361 25 
2955 363 362 24 
2956 364 363 23 
2957 365 364 22 
2958 366 365 21 
2959 367 366 20 
2960 368 367 19 
2961 369 368 18 
2962 370 369 17 
2963 371 370 16 
2964 372 371 15 
2965 373 372 14 
2966 374 373 13 
2967 375 374 12 
2968 376 375 11 
2969 377 376 10 
2970 378 377 9 
2971 379 378 8 
2972 380 379 7 
2973 381 380 6 
2974 382 381 5 
2975 383 382 4 
2976 384 383 3 
2977 385 512 384 
2978 386 385 257 
2979 387 386 258 
2980 388 387 259 
2981 389 388 260 
2982 390 389 261 
2983 391 390 262 
2984 392 391 263 
2985 393 392 264 
2986 394 393 265 
2987 395 394 266 
2988 396 395 267 
2989 397 396 268 
2990 398 397 269 
2991 399 398 270 
2992 400 399 271 
2993 401 400 272 
2994 402 401 273 
2995 403 402 274 
2996 404 403 275 
2997 405 404 276 
2998 406 405 277 
2999 407 406 278 
3000 408 407 279 
3001 409 408 280 
3002 410 409 281 
3003 411 410 282 
3004 412 411 283 
3005 413 412 284 
3006 414 413 285 
3007 415 414 286 
3008 416 415 287 
3009 417 416 288 
3010 418 417 289 
3011 419 418 290 
3012 420 419 291 
3013 421 420 292 
3014 422 421 293 
3015 423 422 294 
3016 424 423 295 
3017 425 424 296 
3018 426 425 297 
3019 427 426 298 
3020 428 427 299 
3021 429 428 300 
3022 430 429 301 
3023 431 430 302 
3024 432 431 303 
3025 433 432 304 
3026 434 433 305 
3027 435 434 306 
3028 436 435 307 
3029 437 436 308 
3030 438 437 309 
3031 439 438 310 
3032 440 439 311 
3033 441 440 312 
3034 442 441 313 
3035 443 442 314 
3036 444 443 315 
3037 445 444 316 
3038 446 445 317 
3039 447 446 318 
3040 448 447 319 
3041 449 448 320 
3042 450 449 321 
3043 451 450 322 
3044 452 451 323 
3045 453 452 324 
3046 454 453 325 
3047 455 454 326 
3048 456 455 327 
3049 457 456 328 
3050 458 457 329 
3051 459 458 330 
3052 460 459 331 
3053 461 460 332 
3054 462 461 333 
3055 463 462 334 
3056 464 463 335 
3057 465 464 336 
3058 466 465 337 
3059 467 466 338 
3060 468 467 339 
3061 469 468 340 
3062 470 469 341 
3063 471 470 342 
3064 472 471 343 
3065 473 472 344 
3066 474 473 345 
3067 475 474 346 
3068 476 475 347 
3069 477 476 348 
3070 478 477 349 
3071 479 478 350 
3072 480 479 351 
3073 481 480 352 
3074 482 481 353 
3075 483 482 354 
3076 484 483 355 
3077 485 484 356 
3078 486 485 357 
3079 487 486 358 
3080 488 487 359 
3081 489 488 360 
3082 490 489 361 
3083 491 490 362 
3084 492 491 363 
3085 493 492 364 
3086 494 493 365 
3087 495 494 366 
3088 496 495 367 
3089 497 496 368 
3090 498 497 369 
3091 499 498 370 
3092 500 499 371 
3093 501 500 372 
3094 502 501 373 
3095 503 502 374 
3096 504 503 375 
3097 505 504 376 
3098 506 505 377 
3099 507 506 378 
3100 508 507 379 
3101 509 508 380 
3102 510 509 381 
3103 511 510 382 
3104 512 511 383 
3105 513 640 512 
3106 514 513 385 
3107 515 514 386 
3108 516 515 387 
3109 517 516 388 
3110 518 517 389 
3111 519 518 390 
3112 520 519 391 
3113 521 520 392 
3114 522 521 393 
3115 523 522 394 
3116 524 523 395 
3117 525 524 396 
3118 526 525 397 
3119 527 526 398 
3120 528 527 399 
3121 529 528 400 
3122 530 529 401 
3123 531 530 402 
3124 532 531 403 
3125 533 532 404 
3126 534 533 405 
3127 535 534 406 
3128 536 535 407 
3129 537 536 408 
3130 538 537 409 
3131 539 538 410 
3132 540 539 411 
3133 541 540 412 
3134 542 541 413 
3135 543 542 414 
3136 544 543 415 
3137 545 544 416 
3138 546 545 417 
3139 547 546 418 
3140 548 547 419 
3141 549 548 420 
3142 550 549 421 
3143 551 550 422 
3144 552 551 423 
3145 553 552 424 
3146 554 553 425 
3147 555 554 426 
3148 556 555 427 
3149 557 556 428 
3150 558 557 429 
3151 559 558 430 
3152 560 559 431 
3153 561 560 432 
3154 562 561 433 
3155 563 562 434 
3156 564 563 435 
3157 565 564 436 
3158 566 565 437 
3159 567 566 438 
3160 568 567 439 
3161 569 568 440 
3162 570 569 441 
3163 571 570 442 
3164 572 571 443 
3165 573 572 444 
3166 574 573 445 
3167 575 574 446 
3168 576 575 447 
3169 577 576 448 
3170 578 577 449 
3171 579 578 450 
3172 580 579 451 
3173 581 580 452 
3174 582 581 453 
3175 583 582 454 
3176 584 583 455 
3177 585 584 456 
3178 586 585 457 
3179 587 586 458 
3180 588 587 459 
3181 589 588 460 
3182 590 589 461 
3183 591 590 462 
3184 592 591 463 
3185 593 592 464 
3186 594 593 465 
3187 595 594 466 
3188 596 595 467 
3189 597 596 468 
3190 598 597 469 
3191 599 598 470 
3192 600 599 471 
3193 601 600 472 
3194 602 601 473 
3195 603 602 474 
3196 604 603 475 
3197 605 604 476 
3198 606 605 477 
3199 607 606 478 
3200 608 607 479 
3201 609 608 480 
3202 610 609 481 
3203 611 610 482 
3204 612 611 483 
3205 613 612 484 
3206 614 613 485 
3207 615 614 486 
3208 616 615 487 
3209 617 616 488 
3210 618 617 489 
3211 619 618 490 
3212 620 619 491 
3213 621 620 492 
3214 622 621 493 
3215 623 622 494 
3216 624 623 495 
3217 625 624 496 
3218 626 625 497 
3219 627 626 498 
3220 628 627 499 
3221 629 628 500 
3222 630 629 501 
3223 631 630 502 
3224 632 631 503 
3225 633 632 504 
3226 634 633 505 
3227 635 634 506 
3228 636 635 507 
3229 637 636 508 
3230 638 637 509 
3231 639 638 510 
3232 640 639 511 
3233 641 768 640 
3234 642 641 513 
3235 643 642 514 
3236 644 643 515 
3237 645 644 516 
3238 646 645 517 
3239 647 646 518 
3240 648 647 519 
3241 649 648 520 
3242 650 649 521 
3243 651 650 522 
3244 652 651 523 
3245 653 652 524 
3246 654 653 525 
3247 655 654 526 
3248 656 655 527 
3249 657 656 528 
3250 658 657 529 
3251 659 658 530 
3252 660 659 531 
3253 661 660 532 
3254 662 661 533 
3255 663 662 534 
3256 664 663 535 
3257 665 664 536 
3258 666 665 537 
3259 667 666 538 
3260 668 667 539 
3261 669 668 540 
3262 670 669 541 
3263 671 670 542 
3264 672 671 543 
3265 673 672 544 
3266 674 673 545 
3267 675 674 546 
3268 676 675 547 
3269 677 676 548 
3270 678 677 549 
3271 679 678 550 
3272 680 679 551 
3273 681 680 552 
3274 682 681 553 
3275 683 682 554 
3276 684 683 555 
3277 685 684 556 
3278 686 685 557 
3279 687 686 558 
3280 688 687 559 
3281 689 688 560 
3282 690 689 561 
3283 691 690 562 
3284 692 691 563 
3285 693 692 564 
3286 694 693 565 
3287 695 694 566 
3288 696 695 567 
3289 697 696 568 
3290 698 697 569 
3291 699 698 570 
3292 700 699 571 
3293 701 700 572 
3294 702 701 573 
3295 703 702 574 
3296 704 703 575 
3297 705 704 576 
3298 706 705 577 
3299 707 706 578 
3300 708 707 579 
3301 709 708 580 
3302 710 709 581 
3303 711 710 582 
3304 712 711 583 
3305 713 712 584 
3306 714 713 585 
3307 715 714 586 
3308 716 715 587 
3309 717 716 588 
3310 718 717 589 
3311 719 718 590 
3312 720 719 591 
3313 721 720 592 
3314 722 721 593 
3315 723 722 594 
3316 724 723 595 
3317 725 724 596 
3318 726 725 597 
3319 727 726 598 
3320 728 727 599 
3321 729 728 600 
3322 730 729 601 
3323 731 730 602 
3324 732 731 603 
3325 733 732 604 
3326 734 733 605 
3327 735 734 606 
3328 736 735 607 
3329 737 736 608 
3330 738 737 609 
3331 739 738 610 
3332 740 739 611 
3333 741 740 612 
3334 742 741 613 
3335 743 742 614 
3336 744 743 615 
3337 745 744 616 
3338 746 745 617 
3339 747 746 618 
3340 748 747 619 
3341 749 748 620 
3342 750 749 621 
3343 751 750 622 
3344 752 751 623 
3345 753 752 624 
3346 754 753 625 
3347 755 754 626 
3348 756 755 627 
3349 757 756 628 
3350 758 757 629 
3351 759 758 630 
3352 760 759 631 
3353 761 760 632 
3354 762 761 633 
3355 763 762 634 
3356 764 763 635 
3357 765 764 636 
3358 766 765 637 
3359 767 766 638 
3360 768 767 639 
3361 769 896 768 
3362 770 769 641 
3363 771 770 642 
3364 772 771 643 
3365 773 772 644 
3366 774 773 645 
3367 775 774 646 
3368 776 775 647 
3369 777 776 648 
3370 778 777 649 
3371 779 778 650 
3372 780 779 651 
3373 781 780 652 
3374 782 781 653 
3375 783 782 654 
3376 784 783 655 
3377 785 784 656 
3378 786 785 657 
3379 787 786 658 
3380 788 787 659 
3381 789 788 660 
3382 790 789 661 
3383 791 790 662 
3384 792 791 663 
3385 793 792 664 
3386 794 793 665 
3387 795 794 666 
3388 796 795 667 
3389 797 796 668 
3390 798 797 669 
3391 799 798 670 
3392 800 799 671 
3393 801 800 672 
3394 802 801 673 
3395 803 802 674 
3396 804 803 675 
3397 805 804 676 
3398 806 805 677 
3399 807 806 678 
3400 808 807 679 
3401 809 808 680 
3402 810 809 681 
3403 811 810 682 
3404 812 811 683 
3405 813 812 684 
3406 814 813 685 
3407 815 814 686 
3408 816 815 687 
3409 817 816 688 
3410 818 817 689 
3411 819 818 690 
3412 820 819 691 
3413 821 820 692 
3414 822 821 693 
3415 823 822 694 
3416 824 823 695 
3417 825 824 696 
3418 826 825 697 
3419 827 826 698 
3420 828 827 699 
3421 829 828 700 
3422 830 829 701 
3423 831 830 702 
3424 832 831 703 
3425 833 832 704 
3426 834 833 705 
3427 835 834 706 
3428 836 835 707 
3429 837 836 708 
3430 838 837 709 
3431 839 838 710 
3432 840 839 711 
3433 841 840 712 
3434 842 841 713 
3435 843 842 714 
3436 844 843 715 
3437 845 844 716 
3438 846 845 717 
3439 847 846 718 
3440 848 847 719 
3441 849 848 720 
3442 850 849 721 
3443 851 850 722 
3444 852 851 723 
3445 853 852 724 
3446 854 853 725 
3447 855 854 726 
3448 856 855 727 
3449 857 856 728 
3450 858 857 729 
3451 859 858 730 
3452 860 859 731 
3453 861 860 732 
3454 862 861 733 
3455 863 862 734 
3456 864 863 735 
3457 865 864 736 
3458 866 865 737 
3459 867 866 738 
3460 868 867 739 
3461 869 868 740 
3462 870 869 741 
3463 871 870 742 
3464 872 871 743 
3465 873 872 744 
3466 874 873 745 
3467 875 874 746 
3468 876 875 747 
3469 877 876 748 
3470 878 877 749 
3471 879 878 750 
3472 880 879 751 
3473 881 880 752 
3474 882 881 753 
3475 883 882 754 
3476 884 883 755 
3477 885 884 756 
3478 886 885 757 
3479 887 886 758 
3480 888 887 759 
3481 889 888 760 
3482 890 889 761 
3483 891 890 762 
3484 892 891 763 
3485 893 892 764 
3486 894 893 765 
3487 895 894 766 
3488 896 895 767 
3489 897 1024 896 
3490 898 897 769 
3491 899 898 770 
3492 900 899 771 
3493 901 900 772 
3494 902 901 773 
3495 903 902 774 
3496 904 903 775 
3497 905 904 776 
3498 906 905 777 
3499 907 906 778 
3500 908 907 779 
3501 909 908 780 
3502 910 909 781 
3503 911 910 782 
3504 912 911 783 
3505 913 912 784 
3506 914 913 785 
3507 915 914 786 
3508 916 915 787 
3509 917 916 788 
3510 918 917 789 
3511 919 918 790 
3512 920 919 791 
3513 921 920 792 
3514 922 921 793 
3515 923 922 794 
3516 924 923 795 
3517 925 924 796 
3518 926 925 797 
3519 927 926 798 
3520 928 927 799 
3521 929 928 800 
3522 930 929 801 
3523 931 930 802 
3524 932 931 803 
3525 933 932 804 
3526 934 933 805 
3527 935 934 806 
3528 936 935 807 
3529 937 936 808 
3530 938 937 809 
3531 939 938 810 
3532 940 939 811 
3533 941 940 812 
3534 942 941 813 
3535 943 942 814 
3536 944 943 815 
3537 945 944 816 
3538 946 945 817 
3539 947 946 818 
3540 948 947 819 
3541 949 948 820 
3542 950 949 821 
3543 951 950 822 
3544 952 951 823 
3545 953 952 824 
3546 954 953 825 
3547 955 954 826 
3548 956 955 827 
3549 957 956 828 
3550 958 957 829 
3551 959 958 830 
3552 960 959 831 
3553 961 960 832 
3554 962 961 833 
3555 963 962 834 
3556 964 963 835 
3557 965 964 836 
3558 966 965 837 
3559 967 966 838 
3560 968 967 839 
3561 969 968 840 
3562 970 969 841 
3563 971 970 842 
3564 972 971 843 
3565 973 972 844 
3566 974 973 845 
3567 975 974 846 
3568 976 975 847 
3569 977 976 848 
3570 978 977 849 
3571 979 978 850 
3572 980 979 851 
3573 981 980 852 
3574 982 981 853 
3575 983 982 854 
3576 984 983 855 
3577 985 984 856 
3578 986 985 857 
3579 987 986 858 
3580 988 987 859 
3581 989 988 860 
3582 990 989 861 
3583 991 990 862 
3584 992 991 863 
3585 993 992 864 
3586 994 993 865 
3587 995 994 866 
3588 996 995 867 
3589 997 996 868 
3590 998 997 869 
3591 999 998 870 
3592 1000 999 871 
3593 1001 1000 872 
3594 1002 1001 873 
3595 1003 1002 874 
3596 1004 1003 875 
3597 1005 1004 876 
3598 1006 1005 877 
3599 1007 1006 878 
3600 1008 1007 879 
3601 1009 1008 880 
3602 1010 1009 881 
3603 1011 1010 882 
3604 1012 1011 883 
3605 1013 1012 884 
3606 1014 1013 885 
3607 1015 1014 886 
3608 1016 1015 887 
3609 1017 1016 888 
3610 1018 1017 889 
3611 1019 1018 890 
3612 1020 1019 891 
3613 1021 1020 892 
3614 1022 1021 893 
3615 1023 1022 894 
3616 1024 1023 895 
3617 1025 1152 1024 
3618 1026 1025 897 
3619 1027 1026 898 
3620 1028 1027 899 
3621 1029 1028 900 
3622 1030 1029 901 
3623 1031 1030 902 
3624 1032 1031 903 
3625 1033 1032 904 
3626 1034 1033 905 
3627 1035 1034 906 
3628 1036 1035 907 
3629 1037 1036 908 
3630 1038 1037 909 
3631 1039 1038 910 
3632 1040 1039 911 
3633 1041 1040 912 
3634 1042 1041 913 
3635 1043 1042 914 
3636 1044 1043 915 
3637 1045 1044 916 
3638 1046 1045 917 
3639 1047 1046 918 
3640 1048 1047 919 
3641 1049 1048 920 
3642 1050 1049 921 
3643 1051 1050 922 
3644 1052 1051 923 
3645 1053 1052 924 
3646 1054 1053 925 
3647 1055 1054 926 
3648 1056 1055 927 
3649 1057 1056 928 
3650 1058 1057 929 
3651 1059 1058 930 
3652 1060 1059 931 
3653 1061 1060 932 
3654 1062 1061 933 
3655 1063 1062 934 
3656 1064 1063 935 
3657 1065 1064 936 
3658 1066 1065 937 
3659 1067 1066 938 
3660 1068 1067 939 
3661 1069 1068 940 
3662 1070 1069 941 
3663 1071 1070 942 
3664 1072 1071 943 
3665 1073 1072 944 
3666 1074 1073 945 
3667 1075 1074 946 
3668 1076 1075 947 
3669 1077 1076 948 
3670 1078 1077 949 
3671 1079 1078 950 
3672 1080 1079 951 
3673 1081 1080 952 
3674 1082 1081 953 
3675 1083 1082 954 
3676 1084 1083 955 
3677 1085 1084 956 
3678 1086 1085 957 
3679 1087 1086 958 
3680 1088 1087 959 
3681 1089 1088 960 
3682 1090 1089 961 
3683 1091 1090 962 
3684 1092 1091 963 
3685 1093 1092 964 
3686 1094 1093 965 
3687 1095 1094 966 
3688 1096 1095 967 
3689 1097 1096 968 
3690 1098 1097 969 
3691 1099 1098 970 
3692 1100 1099 971 
3693 1101 1100 972 
3694 1102 1101 973 
3695 1103 1102 974 
3696 1104 1103 975 
3697 1105 1104 976 
3698 1106 1105 977 
3699 1107 1106 978 
3700 1108 1107 979 
3701 1109 1108 980 
3702 1110 1109 981 
3703 1111 1110 982 
3704 1112 1111 983 
3705 1113 1112 984 
3706 1114 1113 985 
3707 1115 1114 986 
3708 1116 1115 987 
3709 1117 1116 988 
3710 1118 1117 989 
3711 1119 1118 990 
3712 1120 1119 991 
3713 1121 1120 992 
3714 1122 1121 993 
3715 1123 1122 994 
3716 1124 1123 995 
3717 1125 1124 996 
3718 1126 1125 997 
3719 1127 1126 998 
3720 1128 1127 999 
3721 1129 1128 1000 
3722 1130 1129 1001 
3723 1131 1130 1002 
3724 1132 1131 1003 
3725 1133 1132 1004 
3726 1134 1133 1005 
3727 1135 1134 1006 
3728 1136 1135 1007 
3729 1137 1136 1008 
3730 1138 1137 1009 
3731 1139 1138 1010 
3732 1140 1139 1011 
3733 1141 1140 1012 
3734 1142 1141 1013 
3735 1143 1142 1014 
3736 1144 1143 1015 
3737 1145 1144 1016 
3738 1146 1145 1017 
3739 1147 1146 1018 
3740 1148 1147 1019 
3741 1149 1148 1020 
3742 1150 1149 1021 
3743 1151 1150 1022 
3744 1152 1151 1023 
3745 1153 1280 1152 
3746 1154 1153 1025 
3747 1155 1154 1026 
3748 1156 1155 1027 
3749 1157 1156 1028 
3750 1158 1157 1029 
3751 1159 1158 1030 
3752 1160 1159 1031 
3753 1161 1160 1032 
3754 1162 1161 1033 
3755 1163 1162 1034 
3756 1164 1163 1035 
3757 1165 1164 1036 
3758 1166 1165 1037 
3759 1167 1166 1038 
3760 1168 1167 1039 
3761 1169 1168 1040 
3762 1170 1169 1041 
3763 1171 1170 1042 
3764 1172 1171 1043 
3765 1173 1172 1044 
3766 1174 1173 1045 
3767 1175 1174 1046 
3768 1176 1175 1047 
3769 1177 1176 1048 
3770 1178 1177 1049 
3771 1179 1178 1050 
3772 1180 1179 1051 
3773 1181 1180 1052 
3774 1182 1181 1053 
3775 1183 1182 1054 
3776 1184 1183 1055 
3777 1185 1184 1056 
3778 1186 1185 1057 
3779 1187 1186 1058 
3780 1188 1187 1059 
3781 1189 1188 1060 
3782 1190 1189 1061 
3783 1191 1190 1062 
3784 1192 1191 1063 
3785 1193 1192 1064 
3786 1194 1193 1065 
3787 1195 1194 1066 
3788 1196 1195 1067 
3789 1197 1196 1068 
3790 1198 1197 1069 
3791 1199 1198 1070 
3792 1200 1199 1071 
3793 1201 1200 1072 
3794 1202 1201 1073 
3795 1203 1202 1074 
3796 1204 1203 1075 
3797 1205 1204 1076 
3798 1206 1205 1077 
3799 1207 1206 1078 
3800 1208 1207 1079 
3801 1209 1208 1080 
3802 1210 1209 1081 
3803 1211 1210 1082 
3804 1212 1211 1083 
3805 1213 1212 1084 
3806 1214 1213 1085 
3807 1215 1214 1086 
3808 1216 1215 1087 
3809 1217 1216 1088 
3810 1218 1217 1089 
3811 1219 1218 1090 
3812 1220 1219 1091 
3813 1221 1220 1092 
3814 1222 1221 1093 
3815 1223 1222 1094 
3816 1224 1223 1095 
3817 1225 1224 1096 
3818 1226 1225 1097 
3819 1227 1226 1098 
3820 1228 1227 1099 
3821 1229 1228 1100 
3822 1230 1229 1101 
3823 1231 1230 1102 
3824 1232 1231 1103 
3825 1233 1232 1104 
3826 1234 1233 1105 
3827 1235 1234 1106 
3828 1236 1235 1107 
3829 1237 1236 1108 
3830 1238 1237 1109 
3831 1239 1238 1110 
3832 1240 1239 1111 
3833 1241 1240 1112 
3834 1242 1241 1113 
3835 1243 1242 1114 
3836 1244 1243 1115 
3837 1245 1244 1116 
3838 1246 1245 1117 
3839 1247 1246 1118 
3840 1248 1247 1119 
3841 1249 1248 1120 
3842 1250 1249 1121 
3843 1251 1250 1122 
3844 1252 1251 1123 
3845 1253 1252 1124 
3846 1254 1253 1125 
3847 1255 1254 1126 
3848 1256 1255 1127 
3849 1257 1256 1128 
3850 1258 1257 1129 
3851 1259 1258 1130 
3852 1260 1259 1131 
3853 1261 1260 1132 
3854 1262 1261 1133 
3855 1263 1262 1134 
3856 1264 1263 1135 
3857 1265 1264 1136 
3858 1266 1265 1137 
3859 1267 1266 1138 
3860 1268 1267 1139 
3861 1269 1268 1140 
3862 1270 1269 1141 
3863 1271 1270 1142 
3864 1272 1271 1143 
3865 1273 1272 1144 
3866 1274 1273 1145 
3867 1275 1274 1146 
3868 1276 1275 1147 
3869 1277 1276 1148 
3870 1278 1277 1149 
3871 1279 1278 1150 
3872 1280 1279 1151 
3873 1281 1408 1280 
3874 1282 1281 1153 
3875 1283 1282 1154 
3876 1284 1283 1155 
3877 1285 1284 1156 
3878 1286 1285 1157 
3879 1287 1286 1158 
3880 1288 1287 1159 
3881 1289 1288 1160 
3882 1290 1289 1161 
3883 1291 1290 1162 
3884 1292 1291 1163 
3885 1293 1292 1164 
3886 1294 1293 1165 
3887 1295 1294 1166 
3888 1296 1295 1167 
3889 1297 1296 1168 
3890 1298 1297 1169 
3891 1299 1298 1170 
3892 1300 1299 1171 
3893 1301 1300 1172 
3894 1302 1301 1173 
3895 1303 1302 1174 
3896 1304 1303 1175 
3897 1305 1304 1176 
3898 1306 1305 1177 
3899 1307 1306 1178 
3900 1308 1307 1179 
3901 1309 1308 1180 
3902 1310 1309 1181 
3903 1311 1310 1182 
3904 1312 1311 1183 
3905 1313 1312 1184 
3906 1314 1313 1185 
3907 1315 1314 1186 
3908 1316 1315 1187 
3909 1317 1316 1188 
3910 1318 1317 1189 
3911 1319 1318 1190 
3912 1320 1319 1191 
3913 1321 1320 1192 
3914 1322 1321 1193 
3915 1323 1322 1194 
3916 1324 1323 1195 
3917 1325 1324 1196 
3918 1326 1325 1197 
3919 1327 1326 1198 
3920 1328 1327 1199 
3921 1329 1328 1200 
3922 1330 1329 1201 
3923 1331 1330 1202 
3924 1332 1331 1203 
3925 1333 1332 1204 
3926 1334 1333 1205 
3927 1335 1334 1206 
3928 1336 1335 1207 
3929 1337 1336 1208 
3930 1338 1337 1209 
3931 1339 1338 1210 
3932 1340 1339 1211 
3933 1341 1340 1212 
3934 1342 1341 1213 
3935 1343 1342 1214 
3936 1344 1343 1215 
3937 1345 1344 1216 
3938 1346 1345 1217 
3939 1347 1346 1218 
3940 1348 1347 1219 
3941 1349 1348 1220 
3942 1350 1349 1221 
3943 1351 1350 1222 
3944 1352 1351 1223 
3945 1353 1352 1224 
3946 1354 1353 1225 
3947 1355 1354 1226 
3948 1356 1355 1227 
3949 1357 1356 1228 
3950 1358 1357 1229 
3951 1359 1358 1230 
3952 1360 1359 1231 
3953 1361 1360 1232 
3954 1362 1361 1233 
3955 1363 1362 1234 
3956 1364 1363 1235 
3957 1365 1364 1236 
3958 1366 1365 1237 
3959 1367 1366 1238 
3960 1368 1367 1239 
3961 1369 1368 1240 
3962 1370 1369 1241 
3963 1371 1370 1242 
3964 1372 1371 1243 
3965 1373 1372 1244 
3966 1374 1373 1245 
3967 1375 1374 1246 
3968 1376 1375 1247 
3969 1377 1376 1248 
3970 1378 1377 1249 
3971 1379 1378 1250 
3972 1380 1379 1251 
3973 1381 1380 1252 
3974 1382 1381 1253 
3975 1383 1382 1254 
3976 1384 1383 1255 
3977 1385 1384 1256 
3978 1386 1385 1257 
3979 1387 1386 1258 
3980 1388 1387 1259 
3981 1389 1388 1260 
3982 1390 1389 1261 
3983 1391 1390 1262 
3984 1392 1391 1263 
3985 1393 1392 1264 
3986 1394 1393 1265 
3987 1395 1394 1266 
3988 1396 1395 1267 
3989 1397 1396 1268 
3990 1398 1397 1269 
3991 1399 1398 1270 
3992 1400 1399 1271 
3993 1401 1400 1272 
3994 1402 1401 1273 
3995 1403 1402 1274 
3996 1404 1403 1275 
3997 1405 1404 1276 
3998 1406 1405 1277 
3999 1407 1406 1278 
4000 1408 1407 1279 
4001 1409 1536 1408 
4002 1410 1409 1281 
4003 1411 1410 1282 
4004 1412 1411 1283 
4005 1413 1412 1284 
4006 1414 1413 1285 
4007 1415 1414 1286 
4008 1416 1415 1287 
4009 1417 1416 1288 
4010 1418 1417 1289 
4011 1419 1418 1290 
4012 1420 1419 1291 
4013 1421 1420 1292 
4014 1422 1421 1293 
4015 1423 1422 1294 
4016 1424 1423 1295 
4017 1425 1424 1296 
4018 1426 1425 1297 
4019 1427 1426 1298 
4020 1428 1427 1299 
4021 1429 1428 1300 
4022 1430 1429 1301 
4023 1431 1430 1302 
4024 1432 1431 1303 
4025 1433 1432 1304 
4026 1434 1433 1305 
4027 1435 1434 1306 
4028 1436 1435 1307 
4029 1437 1436 1308 
4030 1438 1437 1309 
4031 1439 1438 1310 
4032 1440 1439 1311 
4033 1441 1440 1312 
4034 1442 1441 1313 
4035 1443 1442 1314 
4036 1444 1443 1315 
4037 1445 1444 1316 
4038 1446 1445 1317 
4039 1447 1446 1318 
4040 1448 1447 1319 
4041 1449 1448 1320 
4042 1450 1449 1321 
4043 1451 1450 1322 
4044 1452 1451 1323 
4045 1453 1452 1324 
4046 1454 1453 1325 
4047 1455 1454 1326 
4048 1456 1455 1327 
4049 1457 1456 1328 
4050 1458 1457 1329 
4051 1459 1458 1330 
4052 1460 1459 1331 
4053 1461 1460 1332 
4054 1462 1461 1333 
4055 1463 1462 1334 
4056 1464 1463 1335 
4057 1465 1464 1336 
4058 1466 1465 1337 
4059 1467 1466 1338 
4060 1468 1467 1339 
4061 1469 1468 1340 
4062 1470 1469 1341 
4063 1471 1470 1342 
4064 1472 1471 1343 
4065 1473 1472 1344 
4066 1474 1473 1345 
4067 1475 1474 1346 
4068 1476 1475 1347 
4069 1477 1476 1348 
4070 1478 1477 1349 
4071 1479 1478 1350 
4072 1480 1479 1351 
4073 1481 1480 1352 
4074 1482 1481 1353 
4075 1483 1482 1354 
4076 1484 1483 1355 
4077 1485 1484 1356 
4078 1486 1485 1357 
4079 1487 1486 1358 
4080 1488 1487 1359 
4081 1489 1488 1360 
4082 1490 1489 1361 
4083 1491 1490 1362 
4084 1492 1491 1363 
4085 1493 1492 1364 
4086 1494 1493 1365 
4087 1495 1494 1366 
4088 1496 1495 1367 
4089 1497 1496 1368 
4090 1498 1497 1369 
4091 1499 1498 1370 
4092 1500 1499 1371 
4093 1501 1500 1372 
4094 1502 1501 1373 
4095 1503 1502 1374 
4096 1504 1503 1375 
4097 1505 1504 1376 
4098 1506 1505 1377 
4099 1507 1506 1378 
4100 1508 1507 1379 
4101 1509 1508 1380 
4102 1510 1509 1381 
4103 1511 1510 1382 
4104 1512 1511 1383 
4105 1513 1512 1384 
4106 1514 1513 1385 
4107 1515 1514 1386 
4108 1516 1515 1387 
4109 1517 1516 1388 
4110 1518 1517 1389 
4111 1519 1518 1390 
4112 1520 1519 1391 
4113 1521 1520 1392 
4114 1522 1521 1393 
4115 1523 1522 1394 
4116 1524 1523 1395 
4117 1525 1524 1396 
4118 1526 1525 1397 
4119 1527 1526 1398 
4120 1528 1527 1399 
4121 1529 1528 1400 
4122 1530 1529 1401 
4123 1531 1530 1402 
4124 1532 1531 1403 
4125 1533 1532 1404 
4126 1534 1533 1405 
4127 1535 1534 1406 
4128 1536 1535 1407 
